ID   Time    N0      N1        N2         D0       D1          C       L
0   |0   |0      |0       |0          |0      |0         |0        |0
1   |0.1 |10     |0       |0          |1.21605|0         |0        |0
2   |0.2 |19.8791|0.120868|0          |2.4174 |0.00256993|0.10631  |0.604342
3   |0.3 |29.6389|0.360887|0.00025672 |3.60423|0.00767326|0.212896 |1.20381
4   |0.4 |39.2806|0.718361|0.00102323 |4.77671|0.0152739 |0.319758 |1.79846
5   |0.5 |48.8058|1.19161 |0.002549   |5.93502|0.0253363 |0.426895 |2.38833
6   |0.6 |58.2159|1.77899 |0.00507994 |7.07933|0.0378252 |0.534305 |2.97345
7   |0.7 |67.5123|2.47886 |0.00885844 |8.20982|0.052706  |0.641987 |3.55388
8   |0.8 |76.6963|3.2896  |0.0141234  |9.32663|0.0699442 |0.74994  |4.12966
9   |0.9 |85.7693|4.20963 |0.0211104  |10.43  |0.089506  |0.858163 |4.70083
10  |1   |94.7326|5.23737 |0.0300515  |11.5199|0.111358  |0.966654 |5.26742
11  |1.1 |103.588|6.37126 |0.0411755  |12.5967|0.135467  |1.07541  |5.82949
12  |1.2 |112.336|7.60978 |0.0547078  |13.6605|0.1618    |1.18444  |6.38707
13  |1.3 |120.978|8.9514  |0.0708706  |14.7115|0.190326  |1.29373  |6.9402
14  |1.4 |129.515|10.3946 |0.089883   |15.7497|0.221012  |1.40328  |7.48893
15  |1.5 |137.95 |11.938  |0.111961   |16.7754|0.253827  |1.51309  |8.03329
16  |1.6 |146.283|13.58   |0.137317   |17.7887|0.28874   |1.62317  |8.57332
17  |1.7 |154.515|15.3193 |0.16616    |18.7897|0.325721  |1.73351  |9.10907
18  |1.8 |162.647|17.1543 |0.198697   |19.7787|0.364738  |1.8441   |9.64056
19  |1.9 |170.681|19.0838 |0.235132   |20.7556|0.405762  |1.95495  |10.1678
20  |2   |178.618|21.1062 |0.275666   |21.7208|0.448764  |2.06606  |10.6909
21  |2.1 |186.459|23.2203 |0.320494   |22.6743|0.493715  |2.17742  |11.2099
22  |2.2 |194.205|25.4247 |0.369813   |23.6163|0.540585  |2.28903  |11.7248
23  |2.3 |201.858|27.718  |0.423814   |24.5469|0.589346  |2.4009   |12.2356
24  |2.4 |209.418|30.099  |0.482686   |25.4663|0.63997   |2.51301  |12.7424
25  |2.5 |216.887|32.5663 |0.546615   |26.3745|0.69243   |2.62538  |13.2452
26  |2.6 |224.266|35.1186 |0.615785   |27.2718|0.746698  |2.73799  |13.744
27  |2.7 |231.555|37.7546 |0.690375   |28.1582|0.802746  |2.85084  |14.2389
28  |2.8 |238.756|40.4732 |0.770565   |29.0339|0.860549  |2.96395  |14.7299
29  |2.9 |245.87 |43.2731 |0.856528   |29.899 |0.92008   |3.07729  |15.2171
30  |3   |252.899|46.153  |0.948438   |30.7537|0.981313  |3.19088  |15.7005
31  |3.1 |259.842|49.1117 |1.04647    |31.598 |1.04422   |3.30471  |16.18
32  |3.2 |266.701|52.148  |1.15078    |32.4321|1.10878   |3.41877  |16.6559
33  |3.3 |273.478|55.2608 |1.26154    |33.2562|1.17497   |3.53308  |17.128
34  |3.4 |280.172|58.4489 |1.37891    |34.0703|1.24275   |3.64761  |17.5964
35  |3.5 |286.786|61.7112 |1.50305    |34.8745|1.31211   |3.76239  |18.0612
36  |3.6 |293.319|65.0465 |1.63412    |35.669 |1.38303   |3.8774   |18.5224
37  |3.7 |299.774|68.4536 |1.77228    |36.454 |1.45547   |3.99263  |18.98
38  |3.8 |306.151|71.9315 |1.91767    |37.2294|1.52942   |4.1081   |19.434
39  |3.9 |312.45 |75.4791 |2.07045    |37.9955|1.60485   |4.2238   |19.8845
40  |4   |318.674|79.0954 |2.23077    |38.7523|1.68174   |4.33972  |20.3315
41  |4.1 |324.822|82.7791 |2.39876    |39.4999|1.76007   |4.45587  |20.7751
42  |4.2 |330.896|86.5294 |2.57458    |40.2385|1.8398    |4.57224  |21.2152
43  |4.3 |336.897|90.3451 |2.75837    |40.9682|1.92093   |4.68884  |21.652
44  |4.4 |342.825|94.2252 |2.95026    |41.6891|2.00343   |4.80565  |22.0853
45  |4.5 |348.681|98.1687 |3.15039    |42.4013|2.08728   |4.92269  |22.5154
46  |4.6 |354.466|102.175 |3.35889    |43.1048|2.17246   |5.03994  |22.9421
47  |4.7 |360.182|106.242 |3.57591    |43.7999|2.25894   |5.15741  |23.3655
48  |4.8 |365.829|110.37  |3.80156    |44.4865|2.3467    |5.27509  |23.7857
49  |4.9 |371.407|114.557 |4.03598    |45.1648|2.43574   |5.39299  |24.2027
50  |5   |376.918|118.803 |4.2793     |45.835 |2.52601   |5.5111   |24.6165
51  |5.1 |382.362|123.106 |4.53163    |46.497 |2.61751   |5.62941  |25.0271
52  |5.2 |387.74 |127.466 |4.7931     |47.1511|2.71022   |5.74794  |25.4345
53  |5.3 |393.054|131.882 |5.06384    |47.7972|2.80411   |5.86667  |25.8389
54  |5.4 |398.303|136.353 |5.34395    |48.4356|2.89916   |5.98561  |26.2402
55  |5.5 |403.489|140.878 |5.63356    |49.0662|2.99536   |6.10474  |26.6384
56  |5.6 |408.612|145.455 |5.93278    |49.6892|3.0927    |6.22409  |27.0336
57  |5.7 |413.673|150.085 |6.24172    |50.3046|3.19114   |6.34363  |27.4258
58  |5.8 |418.673|154.766 |6.56049    |50.9127|3.29067   |6.46337  |27.815
59  |5.9 |423.613|159.498 |6.88921    |51.5133|3.39128   |6.5833   |28.2012
60  |6   |428.493|164.279 |7.22798    |52.1067|3.49294   |6.70343  |28.5846
61  |6.1 |433.313|169.11  |7.5769     |52.693 |3.59564   |6.82376  |28.965
62  |6.2 |438.076|173.988 |7.93608    |53.2721|3.69936   |6.94427  |29.3426
63  |6.3 |442.781|178.913 |8.30562    |53.8443|3.80409   |7.06498  |29.7173
64  |6.4 |447.429|183.885 |8.68563    |54.4095|3.9098    |7.18587  |30.0892
65  |6.5 |452.021|188.903 |9.07619    |54.9679|4.01648   |7.30695  |30.4583
66  |6.6 |456.558|193.965 |9.47742    |55.5196|4.12412   |7.42821  |30.8246
67  |6.7 |461.039|199.071 |9.88939    |56.0646|4.23269   |7.54966  |31.1881
68  |6.8 |465.467|204.221 |10.3122    |56.603 |4.34218   |7.67129  |31.549
69  |6.9 |469.841|209.413 |10.746     |57.1349|4.45258   |7.7931   |31.9071
70  |7   |474.162|214.647 |11.1907    |57.6604|4.56387   |7.91509  |32.2626
71  |7.1 |478.431|219.922 |11.6467    |58.1795|4.67603   |8.03725  |32.6154
72  |7.2 |482.648|225.238 |12.1138    |58.6923|4.78905   |8.15959  |32.9655
73  |7.3 |486.814|230.593 |12.5922    |59.199 |4.90292   |8.2821   |33.3131
74  |7.4 |490.93 |235.988 |13.0819    |59.6995|5.01761   |8.40478  |33.658
75  |7.5 |494.997|241.42  |13.5832    |60.194 |5.13312   |8.52763  |34.0004
76  |7.6 |499.014|246.89  |14.0959    |60.6824|5.24943   |8.65065  |34.3403
77  |7.7 |502.982|252.397 |14.6203    |61.165 |5.36652   |8.77384  |34.6776
78  |7.8 |506.903|257.941 |15.1564    |61.6418|5.48439   |8.89719  |35.0125
79  |7.9 |510.776|263.52  |15.7042    |62.1128|5.60301   |9.0207   |35.3448
80  |8   |514.602|269.134 |16.2639    |62.5781|5.72237   |9.14437  |35.6747
81  |8.1 |518.382|274.782 |16.8356    |63.0378|5.84247   |9.2682   |36.0022
82  |8.2 |522.117|280.464 |17.4192    |63.4919|5.96328   |9.39219  |36.3272
83  |8.3 |525.806|286.179 |18.0149    |63.9405|6.08479   |9.51633  |36.6499
84  |8.4 |529.451|291.927 |18.6227    |64.3837|6.207     |9.64063  |36.9702
85  |8.5 |533.051|297.706 |19.2428    |64.8216|6.32988   |9.76508  |37.2881
86  |8.6 |536.608|303.517 |19.8751    |65.2541|6.45342   |9.88968  |37.6037
87  |8.7 |540.122|309.358 |20.5197    |65.6815|6.57762   |10.0144  |37.917
88  |8.8 |543.594|315.229 |21.1768    |66.1036|6.70246   |10.1393  |38.2279
89  |8.9 |547.024|321.13  |21.8463    |66.5207|6.82792   |10.2644  |38.5367
90  |9   |550.412|327.06  |22.5284    |66.9327|6.954     |10.3895  |38.8431
91  |9.1 |553.759|333.018 |23.2231    |67.3398|7.08068   |10.5149  |39.1473
92  |9.2 |557.066|339.004 |23.9304    |67.7419|7.20796   |10.6403  |39.4493
93  |9.3 |560.333|345.017 |24.6504    |68.1391|7.33581   |10.7659  |39.7492
94  |9.4 |563.56 |351.057 |25.3832    |68.5316|7.46423   |10.8917  |40.0468
95  |9.5 |566.749|357.123 |26.1288    |68.9193|7.59321   |11.0175  |40.3423
96  |9.6 |569.898|363.214 |26.8874    |69.3024|7.72273   |11.1435  |40.6356
97  |9.7 |573.01 |369.331 |27.6588    |69.6808|7.85279   |11.2697  |40.9268
98  |9.8 |576.084|375.473 |28.4433    |70.0546|7.98337   |11.3959  |41.2159
99  |9.9 |579.121|381.638 |29.2407    |70.4239|8.11446   |11.5223  |41.5029
100 |10  |582.121|387.827 |30.0513    |70.7887|8.24605   |11.6488  |41.7879
101 |10.1|585.085|394.04  |30.8751    |71.1492|8.37814   |11.7755  |42.0708
102 |10.2|588.014|400.274 |31.712     |71.5053|8.51071   |11.9022  |42.3516
103 |10.3|590.906|406.531 |32.5622    |71.857 |8.64375   |12.0291  |42.6305
104 |10.4|593.764|412.81  |33.4256    |72.2046|8.77725   |12.1561  |42.9073
105 |10.5|596.587|419.11  |34.3024    |72.5479|8.9112    |12.2832  |43.1821
106 |10.6|599.377|425.431 |35.1926    |72.8871|9.04559   |12.4104  |43.455
107 |10.7|602.132|431.772 |36.0962    |73.2221|9.18041   |12.5378  |43.726
108 |10.8|604.854|438.133 |37.0132    |73.5531|9.31566   |12.6652  |43.995
109 |10.9|607.543|444.513 |37.9438    |73.8802|9.45131   |12.7928  |44.2621
110 |11  |610.2  |450.912 |38.8879    |74.2032|9.58737   |12.9204  |44.5273
111 |11.1|612.825|457.33  |39.8457    |74.5224|9.72383   |13.0482  |44.7906
112 |11.2|615.418|463.765 |40.817     |74.8377|9.86066   |13.1761  |45.052
113 |11.3|617.979|470.219 |41.802     |75.1492|9.99788   |13.304   |45.3116
114 |11.4|620.51 |476.69  |42.8008    |75.4569|10.1355   |13.4321  |45.5693
115 |11.5|623.01 |483.177 |43.8132    |75.761 |10.2734   |13.5603  |45.8252
116 |11.6|625.48 |489.681 |44.8395    |76.0613|10.4117   |13.6885  |46.0794
117 |11.7|627.919|496.201 |45.8795    |76.358 |10.5503   |13.8169  |46.3317
118 |11.8|630.33 |502.737 |46.9334    |76.6511|10.6893   |13.9454  |46.5822
119 |11.9|632.711|509.288 |48.0012    |76.9407|10.8286   |14.0739  |46.831
120 |12  |635.064|515.853 |49.0829    |77.2268|10.9682   |14.2025  |47.078
121 |12.1|637.388|522.434 |50.1786    |77.5094|11.1081   |14.3313  |47.3233
122 |12.2|639.684|529.028 |51.2882    |77.7886|11.2483   |14.4601  |47.5669
123 |12.3|641.952|535.636 |52.4119    |78.0644|11.3888   |14.589   |47.8088
124 |12.4|644.193|542.258 |53.5495    |78.3369|11.5296   |14.7179  |48.049
125 |12.5|646.407|548.892 |54.7013    |78.6061|11.6706   |14.847   |48.2875
126 |12.6|648.594|555.539 |55.8671    |78.8721|11.812    |14.9761  |48.5243
127 |12.7|650.754|562.199 |57.047     |79.1348|11.9536   |15.1053  |48.7595
128 |12.8|652.889|568.87  |58.2411    |79.3944|12.0954   |15.2346  |48.9931
129 |12.9|654.997|575.553 |59.4494    |79.6508|12.2375   |15.364   |49.225
130 |13  |657.08 |582.248 |60.6718    |79.9041|12.3799   |15.4934  |49.4554
131 |13.1|659.138|588.953 |61.9085    |80.1544|12.5224   |15.6229  |49.6841
132 |13.2|661.171|595.669 |63.1594    |80.4016|12.6652   |15.7525  |49.9113
133 |13.3|663.18 |602.395 |64.4246    |80.6459|12.8082   |15.8821  |50.1368
134 |13.4|665.164|609.132 |65.704     |80.8871|12.9515   |16.0118  |50.3609
135 |13.5|667.125|615.878 |66.9978    |81.1255|13.0949   |16.1415  |50.5834
136 |13.6|669.061|622.633 |68.3059    |81.361 |13.2385   |16.2714  |50.8043
137 |13.7|670.974|629.397 |69.6284    |81.5937|13.3824   |16.4012  |51.0238
138 |13.8|672.864|636.171 |70.9652    |81.8235|13.5264   |16.5312  |51.2417
139 |13.9|674.732|642.952 |72.3164    |82.0506|13.6706   |16.6611  |51.4582
140 |14  |676.576|649.742 |73.682     |82.2749|13.8149   |16.7912  |51.6731
141 |14.1|678.398|656.54  |75.062     |82.4965|13.9595   |16.9213  |51.8866
142 |14.2|680.199|663.345 |76.4565    |82.7154|14.1042   |17.0514  |52.0987
143 |14.3|681.977|670.157 |77.8654    |82.9317|14.249    |17.1816  |52.3093
144 |14.4|683.734|676.977 |79.2888    |83.1454|14.394    |17.3119  |52.5184
145 |14.5|685.47 |683.803 |80.7266    |83.3564|14.5391   |17.4421  |52.7262
146 |14.6|687.185|690.636 |82.179     |83.565 |14.6844   |17.5725  |52.9325
147 |14.7|688.879|697.475 |83.6459    |83.771 |14.8298   |17.7028  |53.1375
148 |14.8|690.553|704.32  |85.1273    |83.9745|14.9754   |17.8332  |53.341
149 |14.9|692.206|711.171 |86.6233    |84.1756|15.121    |17.9637  |53.5432
150 |15  |693.84 |718.027 |88.1338    |84.3742|15.2668   |18.0942  |53.744
151 |15.1|695.453|724.888 |89.6588    |84.5704|15.4127   |18.2247  |53.9435
152 |15.2|697.047|731.754 |91.1984    |84.7643|15.5587   |18.3552  |54.1416
153 |15.3|698.622|738.625 |92.7527    |84.9558|15.7048   |18.4858  |54.3384
154 |15.4|700.178|745.5   |94.3215    |85.145 |15.851    |18.6164  |54.5339
155 |15.5|701.715|752.38  |95.9049    |85.3319|15.9972   |18.7471  |54.728
156 |15.6|703.234|759.263 |97.5029    |85.5166|16.1436   |18.8777  |54.9209
157 |15.7|704.734|766.151 |99.1156    |85.699 |16.29     |19.0084  |55.1125
158 |15.8|706.216|773.041 |100.743    |85.8792|16.4365   |19.1391  |55.3028
159 |15.9|707.68 |779.935 |102.385    |86.0573|16.5831   |19.2699  |55.4918
160 |16  |709.126|786.832 |104.041    |86.2331|16.7298   |19.4006  |55.6796
161 |16.1|710.555|793.732 |105.712    |86.4069|16.8765   |19.5314  |55.8661
162 |16.2|711.967|800.635 |107.398    |86.5786|17.0232   |19.6622  |56.0514
163 |16.3|713.361|807.54  |109.099    |86.7482|17.1701   |19.793   |56.2355
164 |16.4|714.739|814.447 |110.814    |86.9157|17.3169   |19.9238  |56.4183
165 |16.5|716.1  |821.356 |112.544    |87.0812|17.4638   |20.0546  |56.6
166 |16.6|717.445|828.267 |114.288    |87.2447|17.6108   |20.1855  |56.7804
167 |16.7|718.773|835.179 |116.048    |87.4062|17.7577   |20.3163  |56.9597
168 |16.8|720.086|842.093 |117.822    |87.5658|17.9047   |20.4472  |57.1378
169 |16.9|721.382|849.008 |119.61     |87.7235|18.0518   |20.578   |57.3147
170 |17  |722.663|855.924 |121.413    |87.8792|18.1988   |20.7089  |57.4904
171 |17.1|723.928|862.841 |123.231    |88.0331|18.3459   |20.8397  |57.665
172 |17.2|725.178|869.758 |125.064    |88.1851|18.493    |20.9706  |57.8385
173 |17.3|726.413|876.676 |126.911    |88.3353|18.64     |21.1015  |58.0108
174 |17.4|727.633|883.594 |128.773    |88.4836|18.7871   |21.2323  |58.182
175 |17.5|728.838|890.512 |130.65     |88.6302|18.9342   |21.3632  |58.3521
176 |17.6|730.029|897.43  |132.541    |88.775 |19.0813   |21.494   |58.5211
177 |17.7|731.205|904.347 |134.448    |88.918 |19.2284   |21.6249  |58.689
178 |17.8|732.367|911.265 |136.368    |89.0593|19.3755   |21.7557  |58.8558
179 |17.9|733.515|918.181 |138.304    |89.1989|19.5225   |21.8865  |59.0215
180 |18  |734.649|925.097 |140.254    |89.3368|19.6696   |22.0173  |59.1862
181 |18.1|735.77 |932.012 |142.219    |89.4731|19.8166   |22.1481  |59.3497
182 |18.2|736.876|938.925 |144.198    |89.6077|19.9636   |22.2789  |59.5123
183 |18.3|737.97 |945.837 |146.193    |89.7407|20.1106   |22.4096  |59.6738
184 |18.4|739.05 |952.748 |148.202    |89.872 |20.2575   |22.5404  |59.8342
185 |18.5|740.117|959.657 |150.225    |90.0018|20.4044   |22.6711  |59.9937
186 |18.6|741.172|966.565 |152.263    |90.13  |20.5513   |22.8018  |60.1521
187 |18.7|742.213|973.47  |154.316    |90.2567|20.6981   |22.9325  |60.3094
188 |18.8|743.242|980.374 |156.384    |90.3818|20.8449   |23.0631  |60.4658
189 |18.9|744.259|987.275 |158.466    |90.5054|20.9916   |23.1938  |60.6212
190 |19  |745.263|994.174 |160.563    |90.6276|21.1383   |23.3244  |60.7756
191 |19.1|746.255|1001.07 |162.675    |90.7482|21.2849   |23.4549  |60.929
192 |19.2|747.235|1007.96 |164.801    |90.8674|21.4315   |23.5855  |61.0815
193 |19.3|748.204|1014.85 |166.942    |90.9851|21.578    |23.716   |61.233
194 |19.4|749.16 |1021.74 |169.097    |91.1015|21.7245   |23.8465  |61.3835
195 |19.5|750.105|1028.63 |171.268    |91.2164|21.8709   |23.9769  |61.5331
196 |19.6|751.039|1035.51 |173.452    |91.3299|22.0172   |24.1073  |61.6817
197 |19.7|751.961|1042.39 |175.652    |91.4421|22.1634   |24.2377  |61.8294
198 |19.8|752.872|1049.26 |177.866    |91.5529|22.3096   |24.368   |61.9761
199 |19.9|753.773|1056.13 |180.094    |91.6623|22.4557   |24.4983  |62.122
200 |20  |754.662|1063    |182.337    |91.7705|22.6017   |24.6285  |62.2669
201 |20.1|755.54 |1069.86 |184.595    |91.8773|22.7477   |24.7587  |62.4109
202 |20.2|756.408|1076.72 |186.868    |91.9829|22.8935   |24.8889  |62.554
203 |20.3|757.266|1083.58 |189.154    |92.0871|23.0393   |25.019   |62.6963
204 |20.4|758.113|1090.43 |191.456    |92.1901|23.185    |25.1491  |62.8376
205 |20.5|758.95 |1097.28 |193.772    |92.2919|23.3305   |25.2791  |62.9781
206 |20.6|759.776|1104.12 |196.103    |92.3924|23.476    |25.409   |63.1177
207 |20.7|760.593|1110.96 |198.448    |92.4917|23.6214   |25.539   |63.2564
208 |20.8|761.4  |1117.79 |200.807    |92.5898|23.7667   |25.6688  |63.3942
209 |20.9|762.197|1124.62 |203.181    |92.6868|23.9119   |25.7986  |63.5313
210 |21  |762.984|1131.45 |205.57     |92.7825|24.057    |25.9284  |63.6674
211 |21.1|763.762|1138.26 |207.973    |92.8771|24.202    |26.0581  |63.8027
212 |21.2|764.531|1145.08 |210.391    |92.9706|24.3469   |26.1877  |63.9372
213 |21.3|765.29 |1151.89 |212.823    |93.0629|24.4916   |26.3173  |64.0709
214 |21.4|766.04 |1158.69 |215.27     |93.1541|24.6363   |26.4468  |64.2037
215 |21.5|766.781|1165.49 |217.731    |93.2442|24.7808   |26.5763  |64.3358
216 |21.6|767.513|1172.28 |220.206    |93.3333|24.9253   |26.7056  |64.467
217 |21.7|768.236|1179.07 |222.696    |93.4212|25.0696   |26.835   |64.5974
218 |21.8|768.951|1185.85 |225.2      |93.5081|25.2137   |26.9642  |64.727
219 |21.9|769.657|1192.62 |227.719    |93.5939|25.3578   |27.0934  |64.8559
220 |22  |770.354|1199.39 |230.252    |93.6787|25.5017   |27.2226  |64.9839
221 |22.1|771.043|1206.16 |232.799    |93.7625|25.6455   |27.3516  |65.1112
222 |22.2|771.723|1212.92 |235.361    |93.8452|25.7892   |27.4806  |65.2377
223 |22.3|772.396|1219.67 |237.937    |93.927 |25.9328   |27.6095  |65.3634
224 |22.4|773.06 |1226.41 |240.528    |94.0078|26.0762   |27.7384  |65.4884
225 |22.5|773.716|1233.15 |243.133    |94.0875|26.2195   |27.8671  |65.6126
226 |22.6|774.364|1239.88 |245.752    |94.1664|26.3626   |27.9958  |65.7361
227 |22.7|775.005|1246.61 |248.385    |94.2442|26.5057   |28.1244  |65.8588
228 |22.8|775.637|1253.33 |251.033    |94.3212|26.6485   |28.253   |65.9808
229 |22.9|776.262|1260.04 |253.695    |94.3972|26.7913   |28.3814  |66.1021
230 |23  |776.88 |1266.75 |256.371    |94.4723|26.9338   |28.5098  |66.2226
231 |23.1|777.49 |1273.45 |259.062    |94.5464|27.0763   |28.6381  |66.3424
232 |23.2|778.092|1280.14 |261.767    |94.6197|27.2186   |28.7663  |66.4615
233 |23.3|778.688|1286.83 |264.486    |94.6921|27.3607   |28.8944  |66.5799
234 |23.4|779.276|1293.51 |267.219    |94.7636|27.5028   |29.0225  |66.6976
235 |23.5|779.857|1300.18 |269.966    |94.8343|27.6446   |29.1504  |66.8146
236 |23.6|780.431|1306.84 |272.728    |94.9041|27.7863   |29.2783  |66.9309
237 |23.7|780.998|1313.5  |275.503    |94.973 |27.9279   |29.4061  |67.0465
238 |23.8|781.558|1320.15 |278.293    |95.0412|28.0692   |29.5338  |67.1614
239 |23.9|782.111|1326.79 |281.097    |95.1085|28.2105   |29.6614  |67.2757
240 |24  |782.658|1333.43 |283.915    |95.175 |28.3516   |29.7889  |67.3892
241 |24.1|783.198|1340.05 |286.747    |95.2406|28.4925   |29.9163  |67.5021
242 |24.2|783.732|1346.67 |289.594    |95.3055|28.6332   |30.0436  |67.6144
243 |24.3|784.259|1353.29 |292.454    |95.3696|28.7738   |30.1709  |67.726
244 |24.4|784.78 |1359.89 |295.328    |95.433 |28.9143   |30.298   |67.8369
245 |24.5|785.294|1366.49 |298.217    |95.4955|29.0545   |30.425   |67.9472
246 |24.6|785.803|1373.08 |301.119    |95.5573|29.1946   |30.552   |68.0568
247 |24.7|786.305|1379.66 |304.035    |95.6184|29.3346   |30.6788  |68.1658
248 |24.8|786.801|1386.23 |306.966    |95.6787|29.4744   |30.8055  |68.2742
249 |24.9|787.291|1392.8  |309.91     |95.7383|29.614    |30.9322  |68.3819
250 |25  |787.775|1399.36 |312.868    |95.7972|29.7534   |31.0587  |68.489
251 |25.1|788.253|1405.91 |315.84     |95.8554|29.8926   |31.1852  |68.5955
252 |25.2|788.726|1412.45 |318.826    |95.9128|30.0317   |31.3115  |68.7014
253 |25.3|789.193|1418.98 |321.826    |95.9696|30.1706   |31.4377  |68.8066
254 |25.4|789.654|1425.51 |324.84     |96.0257|30.3094   |31.5638  |68.9113
255 |25.5|790.109|1432.02 |327.868    |96.0811|30.4479   |31.6898  |69.0153
256 |25.6|790.559|1438.53 |330.91     |96.1358|30.5863   |31.8157  |69.1188
257 |25.7|791.004|1445.03 |333.965    |96.1899|30.7245   |31.9415  |69.2216
258 |25.8|791.443|1451.52 |337.034    |96.2433|30.8625   |32.0672  |69.3239
259 |25.9|791.877|1458.01 |340.117    |96.2961|31.0004   |32.1928  |69.4256
260 |26  |792.306|1464.48 |343.214    |96.3482|31.138    |32.3182  |69.5267
261 |26.1|792.73 |1470.95 |346.324    |96.3997|31.2755   |32.4436  |69.6272
262 |26.2|793.148|1477.4  |349.449    |96.4506|31.4128   |32.5688  |69.7272
263 |26.3|793.561|1483.85 |352.587    |96.5008|31.5499   |32.694   |69.8266
264 |26.4|793.97 |1490.29 |355.738    |96.5505|31.6869   |32.819   |69.9254
265 |26.5|794.373|1496.72 |358.904    |96.5996|31.8236   |32.9438  |70.0237
266 |26.6|794.772|1503.15 |362.082    |96.648 |31.9602   |33.0686  |70.1214
267 |26.7|795.165|1509.56 |365.275    |96.6959|32.0965   |33.1933  |70.2185
268 |26.8|795.554|1515.96 |368.481    |96.7432|32.2327   |33.3178  |70.3151
269 |26.9|795.939|1522.36 |371.701    |96.7899|32.3687   |33.4422  |70.4112
270 |27  |796.318|1528.75 |374.935    |96.8361|32.5045   |33.5665  |70.5067
271 |27.1|796.693|1535.13 |378.182    |96.8817|32.6401   |33.6907  |70.6017
272 |27.2|797.064|1541.49 |381.442    |96.9267|32.7755   |33.8147  |70.6962
273 |27.3|797.43 |1547.85 |384.716    |96.9713|32.9108   |33.9387  |70.7901
274 |27.4|797.791|1554.2  |388.004    |97.0152|33.0458   |34.0625  |70.8835
275 |27.5|798.149|1560.55 |391.305    |97.0587|33.1806   |34.1862  |70.9764
276 |27.6|798.501|1566.88 |394.619    |97.1016|33.3153   |34.3097  |71.0688
277 |27.7|798.85 |1573.2  |397.947    |97.144 |33.4497   |34.4331  |71.1606
278 |27.8|799.195|1579.52 |401.289    |97.1859|33.584    |34.5564  |71.252
279 |27.9|799.535|1585.82 |404.644    |97.2272|33.718    |34.6796  |71.3428
280 |28  |799.871|1592.12 |408.012    |97.2681|33.8519   |34.8027  |71.4332
281 |28.1|800.203|1598.4  |411.393    |97.3085|33.9855   |34.9256  |71.523
282 |28.2|800.531|1604.68 |414.788    |97.3484|34.119    |35.0484  |71.6124
283 |28.3|800.855|1610.95 |418.197    |97.3878|34.2523   |35.171   |71.7012
284 |28.4|801.175|1617.21 |421.618    |97.4268|34.3853   |35.2935  |71.7896
285 |28.5|801.492|1623.46 |425.053    |97.4652|34.5182   |35.4159  |71.8775
286 |28.6|801.804|1629.69 |428.501    |97.5032|34.6509   |35.5382  |71.9649
287 |28.7|802.113|1635.92 |431.963    |97.5408|34.7833   |35.6603  |72.0518
288 |28.8|802.418|1642.14 |435.437    |97.5778|34.9156   |35.7823  |72.1383
289 |28.9|802.719|1648.36 |438.925    |97.6145|35.0476   |35.9041  |72.2242
290 |29  |803.017|1654.56 |442.426    |97.6507|35.1795   |36.0259  |72.3098
291 |29.1|803.311|1660.75 |445.94     |97.6864|35.3111   |36.1474  |72.3948
292 |29.2|803.601|1666.93 |449.468    |97.7218|35.4426   |36.2689  |72.4794
293 |29.3|803.888|1673.1  |453.008    |97.7567|35.5738   |36.3902  |72.5635
294 |29.4|804.172|1679.27 |456.562    |97.7912|35.7049   |36.5113  |72.6472
295 |29.5|804.452|1685.42 |460.129    |97.8252|35.8357   |36.6324  |72.7304
296 |29.6|804.729|1691.56 |463.708    |97.8589|35.9663   |36.7533  |72.8132
297 |29.7|805.002|1697.7  |467.301    |97.8921|36.0967   |36.874   |72.8955
298 |29.8|805.272|1703.82 |470.907    |97.925 |36.2269   |36.9946  |72.9774
299 |29.9|805.539|1709.94 |474.526    |97.9574|36.357    |37.1151  |73.0589
300 |30  |805.803|1716.04 |478.158    |97.9894|36.4867   |37.2354  |73.1399
301 |30.1|806.063|1722.13 |481.803    |98.0211|36.6163   |37.3556  |73.2205
302 |30.2|806.32 |1728.22 |485.46     |98.0524|36.7457   |37.4756  |73.3007
303 |30.3|806.574|1734.29 |489.131    |98.0833|36.8749   |37.5955  |73.3804
304 |30.4|806.826|1740.36 |492.815    |98.1138|37.0039   |37.7152  |73.4597
305 |30.5|807.074|1746.42 |496.511    |98.144 |37.1326   |37.8348  |73.5386
306 |30.6|807.319|1752.46 |500.22     |98.1738|37.2612   |37.9543  |73.617
307 |30.7|807.561|1758.5  |503.942    |98.2032|37.3895   |38.0736  |73.6951
308 |30.8|807.8  |1764.52 |507.677    |98.2323|37.5176   |38.1927  |73.7727
309 |30.9|808.036|1770.54 |511.425    |98.261 |37.6455   |38.3117  |73.85
310 |31  |808.269|1776.54 |515.186    |98.2894|37.7732   |38.4306  |73.9268
311 |31.1|808.5  |1782.54 |518.959    |98.3175|37.9007   |38.5493  |74.0032
312 |31.2|808.728|1788.53 |522.745    |98.3452|38.028    |38.6679  |74.0792
313 |31.3|808.953|1794.5  |526.544    |98.3725|38.1551   |38.7863  |74.1549
314 |31.4|809.175|1800.47 |530.355    |98.3996|38.2819   |38.9046  |74.2301
315 |31.5|809.395|1806.43 |534.179    |98.4263|38.4086   |39.0227  |74.3049
316 |31.6|809.612|1812.37 |538.016    |98.4527|38.535    |39.1406  |74.3794
317 |31.7|809.826|1818.31 |541.866    |98.4787|38.6612   |39.2584  |74.4534
318 |31.8|810.038|1824.23 |545.728    |98.5045|38.7872   |39.3761  |74.5271
319 |31.9|810.247|1830.15 |549.602    |98.5299|38.913    |39.4936  |74.6004
320 |32  |810.454|1836.06 |553.489    |98.555 |39.0386   |39.6109  |74.6733
321 |32.1|810.658|1841.95 |557.389    |98.5799|39.1639   |39.7281  |74.7459
322 |32.2|810.86 |1847.84 |561.301    |98.6044|39.2891   |39.8452  |74.818
323 |32.3|811.059|1853.71 |565.226    |98.6286|39.414    |39.9621  |74.8898
324 |32.4|811.256|1859.58 |569.163    |98.6526|39.5388   |40.0788  |74.9612
325 |32.5|811.45 |1865.44 |573.113    |98.6762|39.6633   |40.1954  |75.0323
326 |32.6|811.642|1871.28 |577.075    |98.6996|39.7876   |40.3118  |75.103
327 |32.7|811.832|1877.12 |581.05     |98.7227|39.9116   |40.428   |75.1733
328 |32.8|812.02 |1882.94 |585.037    |98.7455|40.0355   |40.5441  |75.2433
329 |32.9|812.205|1888.76 |589.036    |98.768 |40.1591   |40.6601  |75.3129
330 |33  |812.388|1894.56 |593.047    |98.7903|40.2826   |40.7759  |75.3822
331 |33.1|812.569|1900.36 |597.071    |98.8122|40.4058   |40.8915  |75.4511
332 |33.2|812.747|1906.14 |601.108    |98.834 |40.5288   |41.007   |75.5197
333 |33.3|812.924|1911.92 |605.156    |98.8554|40.6516   |41.1223  |75.5879
334 |33.4|813.098|1917.68 |609.217    |98.8766|40.7742   |41.2374  |75.6557
335 |33.5|813.27 |1923.44 |613.29     |98.8976|40.8965   |41.3524  |75.7233
336 |33.6|813.441|1929.18 |617.376    |98.9182|41.0187   |41.4672  |75.7905
337 |33.7|813.609|1934.92 |621.473    |98.9387|41.1406   |41.5819  |75.8573
338 |33.8|813.775|1940.64 |625.583    |98.9589|41.2623   |41.6964  |75.9238
339 |33.9|813.939|1946.36 |629.705    |98.9788|41.3838   |41.8108  |75.99
340 |34  |814.101|1952.06 |633.839    |98.9985|41.5051   |41.9249  |76.0559
341 |34.1|814.261|1957.75 |637.985    |99.018 |41.6261   |42.039   |76.1214
342 |34.2|814.419|1963.44 |642.143    |99.0372|41.747    |42.1528  |76.1866
343 |34.3|814.575|1969.11 |646.313    |99.0562|41.8676   |42.2665  |76.2514
344 |34.4|814.73 |1974.77 |650.495    |99.075 |41.988    |42.38    |76.316
345 |34.5|814.882|1980.43 |654.69     |99.0936|42.1082   |42.4934  |76.3802
346 |34.6|815.033|1986.07 |658.896    |99.1119|42.2282   |42.6066  |76.4441
347 |34.7|815.182|1991.7  |663.114    |99.13  |42.348    |42.7196  |76.5077
348 |34.8|815.329|1997.33 |667.345    |99.1479|42.4675   |42.8325  |76.571
349 |34.9|815.474|2002.94 |671.587    |99.1655|42.5869   |42.9452  |76.634
350 |35  |815.617|2008.54 |675.841    |99.183 |42.706    |43.0578  |76.6966
351 |35.1|815.759|2014.13 |680.107    |99.2002|42.8249   |43.1702  |76.759
352 |35.2|815.899|2019.72 |684.385    |99.2172|42.9436   |43.2824  |76.821
353 |35.3|816.038|2025.29 |688.675    |99.2341|43.062    |43.3944  |76.8828
354 |35.4|816.174|2030.85 |692.977    |99.2507|43.1803   |43.5063  |76.9442
355 |35.5|816.309|2036.4  |697.29     |99.2671|43.2983   |43.618   |77.0054
356 |35.6|816.443|2041.94 |701.615    |99.2833|43.4161   |43.7295  |77.0662
357 |35.7|816.574|2047.47 |705.952    |99.2994|43.5338   |43.8409  |77.1268
358 |35.8|816.705|2052.99 |710.301    |99.3152|43.6511   |43.9521  |77.187
359 |35.9|816.833|2058.51 |714.661    |99.3308|43.7683   |44.0632  |77.247
360 |36  |816.96 |2064.01 |719.034    |99.3463|43.8853   |44.174   |77.3067
361 |36.1|817.086|2069.5  |723.418    |99.3615|44.002    |44.2848  |77.366
362 |36.2|817.21 |2074.98 |727.813    |99.3766|44.1185   |44.3953  |77.4251
363 |36.3|817.332|2080.45 |732.22     |99.3915|44.2349   |44.5057  |77.484
364 |36.4|817.453|2085.91 |736.639    |99.4062|44.3509   |44.6159  |77.5425
365 |36.5|817.573|2091.36 |741.069    |99.4208|44.4668   |44.7259  |77.6007
366 |36.6|817.691|2096.8  |745.511    |99.4351|44.5825   |44.8357  |77.6587
367 |36.7|817.808|2102.23 |749.965    |99.4493|44.6979   |44.9454  |77.7164
368 |36.8|817.923|2107.65 |754.43     |99.4634|44.8132   |45.055   |77.7738
369 |36.9|818.037|2113.06 |758.906    |99.4772|44.9282   |45.1643  |77.831
370 |37  |818.15 |2118.46 |763.395    |99.4909|45.043    |45.2735  |77.8878
371 |37.1|818.261|2123.85 |767.894    |99.5044|45.1576   |45.3825  |77.9445
372 |37.2|818.371|2129.22 |772.405    |99.5178|45.272    |45.4913  |78.0008
373 |37.3|818.479|2134.59 |776.927    |99.531 |45.3861   |45.6     |78.0569
374 |37.4|818.586|2139.95 |781.461    |99.544 |45.5001   |45.7085  |78.1127
375 |37.5|818.692|2145.3  |786.006    |99.5569|45.6138   |45.8168  |78.1682
376 |37.6|818.797|2150.64 |790.563    |99.5696|45.7273   |45.925   |78.2235
377 |37.7|818.9  |2155.97 |795.131    |99.5822|45.8406   |46.033   |78.2785
378 |37.8|819.002|2161.29 |799.71     |99.5946|45.9537   |46.1408  |78.3333
379 |37.9|819.103|2166.6  |804.3      |99.6068|46.0666   |46.2484  |78.3878
380 |38  |819.203|2171.9  |808.902    |99.6189|46.1792   |46.3559  |78.442
381 |38.1|819.301|2177.18 |813.515    |99.6309|46.2917   |46.4632  |78.496
382 |38.2|819.398|2182.46 |818.139    |99.6427|46.4039   |46.5703  |78.5498
383 |38.3|819.494|2187.73 |822.775    |99.6544|46.5159   |46.6772  |78.6033
384 |38.4|819.589|2192.99 |827.422    |99.666 |46.6277   |46.784   |78.6565
385 |38.5|819.683|2198.24 |832.079    |99.6774|46.7393   |46.8906  |78.7095
386 |38.6|819.776|2203.48 |836.748    |99.6886|46.8507   |46.997   |78.7623
387 |38.7|819.867|2208.7  |841.428    |99.6998|46.9619   |47.1033  |78.8148
388 |38.8|819.958|2213.92 |846.12     |99.7107|47.0728   |47.2094  |78.8671
389 |38.9|820.047|2219.13 |850.822    |99.7216|47.1836   |47.3153  |78.9191
390 |39  |820.135|2224.33 |855.535    |99.7323|47.2941   |47.421   |78.9709
391 |39.1|820.222|2229.52 |860.26     |99.7429|47.4044   |47.5266  |79.0224
392 |39.2|820.308|2234.7  |864.995    |99.7534|47.5145   |47.632   |79.0738
393 |39.3|820.393|2239.87 |869.741    |99.7638|47.6244   |47.7372  |79.1248
394 |39.4|820.477|2245.02 |874.499    |99.774 |47.7341   |47.8422  |79.1757
395 |39.5|820.56 |2250.17 |879.267    |99.7841|47.8436   |47.9471  |79.2263
396 |39.6|820.643|2255.31 |884.046    |99.794 |47.9528   |48.0518  |79.2767
397 |39.7|820.724|2260.44 |888.837    |99.8039|48.0619   |48.1563  |79.3269
398 |39.8|820.804|2265.56 |893.638    |99.8136|48.1707   |48.2607  |79.3768
399 |39.9|820.883|2270.67 |898.45     |99.8232|48.2794   |48.3648  |79.4265
400 |40  |820.961|2275.77 |903.272    |99.8327|48.3878   |48.4688  |79.476
401 |40.1|821.038|2280.86 |908.106    |99.8421|48.496    |48.5727  |79.5252
402 |40.2|821.114|2285.94 |912.951    |99.8514|48.604    |48.6763  |79.5743
403 |40.3|821.19 |2291    |917.806    |99.8606|48.7118   |48.7798  |79.6231
404 |40.4|821.264|2296.06 |922.672    |99.8696|48.8193   |48.8831  |79.6717
405 |40.5|821.337|2301.11 |927.549    |99.8786|48.9267   |48.9862  |79.7201
406 |40.6|821.41 |2306.15 |932.436    |99.8874|49.0339   |49.0891  |79.7682
407 |40.7|821.482|2311.18 |937.334    |99.8961|49.1408   |49.1919  |79.8162
408 |40.8|821.553|2316.2  |942.243    |99.9047|49.2476   |49.2945  |79.8639
409 |40.9|821.623|2321.21 |947.163    |99.9132|49.3541   |49.3969  |79.9114
410 |41  |821.692|2326.22 |952.093    |99.9217|49.4604   |49.4992  |79.9587
411 |41.1|821.76 |2331.21 |957.034    |99.93  |49.5665   |49.6013  |80.0058
412 |41.2|821.828|2336.19 |961.985    |99.9382|49.6724   |49.7032  |80.0527
413 |41.3|821.895|2341.16 |966.947    |99.9463|49.7781   |49.8049  |80.0994
414 |41.4|821.96 |2346.12 |971.919    |99.9543|49.8836   |49.9064  |80.1459
415 |41.5|822.025|2351.07 |976.902    |99.9622|49.9889   |50.0078  |80.1922
416 |41.6|822.09 |2356.01 |981.896    |99.97  |50.094    |50.109   |80.2382
417 |41.7|822.153|2360.95 |986.9      |99.9778|50.1989   |50.21    |80.2841
418 |41.8|822.216|2365.87 |991.915    |99.9854|50.3035   |50.3109  |80.3298
419 |41.9|822.278|2370.78 |996.94     |99.9929|50.408    |50.4116  |80.3752
420 |42  |822.339|2375.69 |1001.98    |100    |50.5123   |50.5121  |80.4205
421 |42.1|822.4  |2380.58 |1007.02    |100.008|50.6163   |50.6124  |80.4656
422 |42.2|822.46 |2385.46 |1012.08    |100.015|50.7202   |50.7125  |80.5104
423 |42.3|822.519|2390.34 |1017.14    |100.022|50.8238   |50.8125  |80.5551
424 |42.4|822.577|2395.2  |1022.22    |100.029|50.9272   |50.9123  |80.5996
425 |42.5|822.635|2400.06 |1027.31    |100.036|51.0305   |51.0119  |80.6439
426 |42.6|822.692|2404.9  |1032.41    |100.043|51.1335   |51.1114  |80.688
427 |42.7|822.748|2409.74 |1037.51    |100.05 |51.2363   |51.2107  |80.7319
428 |42.8|822.804|2414.56 |1042.63    |100.057|51.3389   |51.3098  |80.7756
429 |42.9|822.858|2419.38 |1047.76    |100.064|51.4413   |51.4087  |80.8192
430 |43  |822.913|2424.19 |1052.9     |100.07 |51.5435   |51.5074  |80.8625
431 |43.1|822.966|2428.99 |1058.05    |100.077|51.6455   |51.606   |80.9057
432 |43.2|823.019|2433.77 |1063.21    |100.083|51.7473   |51.7044  |80.9486
433 |43.3|823.072|2438.55 |1068.38    |100.089|51.8489   |51.8026  |80.9914
434 |43.4|823.123|2443.32 |1073.56    |100.096|51.9503   |51.9007  |81.034
435 |43.5|823.174|2448.08 |1078.75    |100.102|52.0515   |51.9985  |81.0765
436 |43.6|823.225|2452.83 |1083.94    |100.108|52.1525   |52.0962  |81.1187
437 |43.7|823.274|2457.57 |1089.15    |100.114|52.2533   |52.1938  |81.1608
438 |43.8|823.324|2462.3  |1094.37    |100.12 |52.3539   |52.2911  |81.2027
439 |43.9|823.372|2467.02 |1099.6     |100.126|52.4543   |52.3883  |81.2444
440 |44  |823.42 |2471.74 |1104.84    |100.132|52.5545   |52.4853  |81.2859
441 |44.1|823.468|2476.44 |1110.09    |100.138|52.6545   |52.5821  |81.3273
442 |44.2|823.515|2481.13 |1115.35    |100.143|52.7543   |52.6788  |81.3684
443 |44.3|823.561|2485.82 |1120.62    |100.149|52.8539   |52.7753  |81.4095
444 |44.4|823.607|2490.49 |1125.9     |100.155|52.9533   |52.8716  |81.4503
445 |44.5|823.652|2495.16 |1131.19    |100.16 |53.0524   |52.9677  |81.491
446 |44.6|823.697|2499.81 |1136.49    |100.165|53.1514   |53.0637  |81.5315
447 |44.7|823.741|2504.46 |1141.8     |100.171|53.2502   |53.1594  |81.5718
448 |44.8|823.784|2509.09 |1147.12    |100.176|53.3488   |53.255   |81.612
449 |44.9|823.827|2513.72 |1152.45    |100.181|53.4472   |53.3505  |81.652
450 |45  |823.87 |2518.34 |1157.79    |100.187|53.5454   |53.4457  |81.6918
451 |45.1|823.912|2522.95 |1163.14    |100.192|53.6434   |53.5408  |81.7314
452 |45.2|823.953|2527.55 |1168.5     |100.197|53.7412   |53.6357  |81.7709
453 |45.3|823.994|2532.14 |1173.87    |100.202|53.8388   |53.7305  |81.8103
454 |45.4|824.035|2536.72 |1179.24    |100.207|53.9362   |53.825   |81.8495
455 |45.5|824.075|2541.29 |1184.63    |100.211|54.0334   |53.9194  |81.8885
456 |45.6|824.114|2545.86 |1190.03    |100.216|54.1305   |54.0137  |81.9273
457 |45.7|824.154|2550.41 |1195.44    |100.221|54.2273   |54.1077  |81.966
458 |45.8|824.192|2554.95 |1200.85    |100.226|54.3239   |54.2016  |82.0045
459 |45.9|824.23 |2559.49 |1206.28    |100.23 |54.4203   |54.2953  |82.0429
460 |46  |824.268|2564.02 |1211.72    |100.235|54.5166   |54.3888  |82.0811
461 |46.1|824.305|2568.53 |1217.16    |100.239|54.6126   |54.4822  |82.1192
462 |46.2|824.342|2573.04 |1222.62    |100.244|54.7085   |54.5753  |82.1571
463 |46.3|824.378|2577.54 |1228.08    |100.248|54.8041   |54.6684  |82.1949
464 |46.4|824.414|2582.03 |1233.56    |100.253|54.8996   |54.7612  |82.2325
465 |46.5|824.45 |2586.51 |1239.04    |100.257|54.9948   |54.8539  |82.2699
466 |46.6|824.485|2590.98 |1244.54    |100.261|55.0899   |54.9464  |82.3072
467 |46.7|824.519|2595.44 |1250.04    |100.265|55.1848   |55.0387  |82.3443
468 |46.8|824.553|2599.9  |1255.55    |100.27 |55.2795   |55.1308  |82.3813
469 |46.9|824.587|2604.34 |1261.07    |100.274|55.374    |55.2228  |82.4182
470 |47  |824.62 |2608.78 |1266.6     |100.278|55.4683   |55.3146  |82.4549
471 |47.1|824.653|2613.2  |1272.15    |100.282|55.5624   |55.4062  |82.4914
472 |47.2|824.686|2617.62 |1277.7     |100.286|55.6563   |55.4977  |82.5278
473 |47.3|824.718|2622.03 |1283.26    |100.29 |55.75     |55.589   |82.5641
474 |47.4|824.75 |2626.43 |1288.82    |100.294|55.8435   |55.6801  |82.6002
475 |47.5|824.781|2630.82 |1294.4     |100.297|55.9369   |55.7711  |82.6362
476 |47.6|824.812|2635.2  |1299.99    |100.301|56.03     |55.8618  |82.672
477 |47.7|824.843|2639.57 |1305.59    |100.305|56.123    |55.9525  |82.7077
478 |47.8|824.873|2643.93 |1311.19    |100.309|56.2158   |56.0429  |82.7432
479 |47.9|824.903|2648.29 |1316.81    |100.312|56.3084   |56.1332  |82.7786
480 |48  |824.933|2652.63 |1322.43    |100.316|56.4008   |56.2233  |82.8139
481 |48.1|824.962|2656.97 |1328.07    |100.319|56.493    |56.3132  |82.849
482 |48.2|824.991|2661.3  |1333.71    |100.323|56.585    |56.4029  |82.884
483 |48.3|825.019|2665.62 |1339.36    |100.326|56.6768   |56.4925  |82.9189
484 |48.4|825.047|2669.93 |1345.03    |100.33 |56.7685   |56.5819  |82.9536
485 |48.5|825.075|2674.23 |1350.7     |100.333|56.8599   |56.6712  |82.9881
486 |48.6|825.102|2678.52 |1356.38    |100.336|56.9512   |56.7603  |83.0226
487 |48.7|825.129|2682.8  |1362.07    |100.34 |57.0423   |56.8492  |83.0569
488 |48.8|825.156|2687.08 |1367.76    |100.343|57.1332   |56.9379  |83.0911
489 |48.9|825.183|2691.35 |1373.47    |100.346|57.2239   |57.0265  |83.1251
490 |49  |825.209|2695.6  |1379.19    |100.349|57.3144   |57.1149  |83.159
491 |49.1|825.235|2699.85 |1384.91    |100.352|57.4048   |57.2031  |83.1928
492 |49.2|825.26 |2704.09 |1390.65    |100.356|57.4949   |57.2912  |83.2264
493 |49.3|825.285|2708.32 |1396.39    |100.359|57.5849   |57.3791  |83.2599
494 |49.4|825.31 |2712.55 |1402.14    |100.362|57.6747   |57.4668  |83.2933
495 |49.5|825.335|2716.76 |1407.9     |100.365|57.7643   |57.5544  |83.3266
496 |49.6|825.359|2720.97 |1413.67    |100.368|57.8537   |57.6418  |83.3597
497 |49.7|825.383|2725.16 |1419.45    |100.371|57.9429   |57.729   |83.3927
498 |49.8|825.407|2729.35 |1425.24    |100.373|58.032    |57.8161  |83.4256
499 |49.9|825.43 |2733.53 |1431.04    |100.376|58.1208   |57.9029  |83.4583
500 |50  |825.454|2737.7  |1436.85    |100.379|58.2095   |57.9897  |83.4909
501 |50.1|825.477|2741.86 |1442.66    |100.382|58.298    |58.0762  |83.5234
502 |50.2|825.499|2746.02 |1448.48    |100.385|58.3863   |58.1626  |83.5558
503 |50.3|825.521|2750.16 |1454.32    |100.387|58.4745   |58.2488  |83.588
504 |50.4|825.544|2754.3  |1460.16    |100.39 |58.5624   |58.3349  |83.6202
505 |50.5|825.565|2758.43 |1466.01    |100.393|58.6502   |58.4208  |83.6522
506 |50.6|825.587|2762.55 |1471.87    |100.395|58.7378   |58.5065  |83.6841
507 |50.7|825.608|2766.66 |1477.73    |100.398|58.8252   |58.5921  |83.7158
508 |50.8|825.629|2770.76 |1483.61    |100.4  |58.9124   |58.6775  |83.7475
509 |50.9|825.65 |2774.86 |1489.49    |100.403|58.9995   |58.7627  |83.779
510 |51  |825.67 |2778.94 |1495.39    |100.405|59.0864   |58.8478  |83.8104
511 |51.1|825.691|2783.02 |1501.29    |100.408|59.1731   |58.9327  |83.8417
512 |51.2|825.711|2787.09 |1507.2     |100.41 |59.2596   |59.0174  |83.8728
513 |51.3|825.73 |2791.15 |1513.12    |100.413|59.3459   |59.102   |83.9039
514 |51.4|825.75 |2795.2  |1519.05    |100.415|59.4321   |59.1864  |83.9348
515 |51.5|825.769|2799.24 |1524.99    |100.417|59.518    |59.2706  |83.9656
516 |51.6|825.788|2803.28 |1530.93    |100.42 |59.6038   |59.3547  |83.9964
517 |51.7|825.807|2807.31 |1536.89    |100.422|59.6895   |59.4386  |84.0269
518 |51.8|825.826|2811.33 |1542.85    |100.424|59.7749   |59.5223  |84.0574
519 |51.9|825.844|2815.34 |1548.82    |100.427|59.8602   |59.6059  |84.0878
520 |52  |825.862|2819.34 |1554.8     |100.429|59.9453   |59.6893  |84.118
521 |52.1|825.88 |2823.33 |1560.79    |100.431|60.0302   |59.7726  |84.1482
522 |52.2|825.898|2827.32 |1566.78    |100.433|60.1149   |59.8557  |84.1782
523 |52.3|825.915|2831.3  |1572.79    |100.435|60.1995   |59.9386  |84.2081
524 |52.4|825.933|2835.26 |1578.8     |100.437|60.2839   |60.0214  |84.2379
525 |52.5|825.95 |2839.23 |1584.82    |100.439|60.3681   |60.104   |84.2676
526 |52.6|825.967|2843.18 |1590.86    |100.441|60.4522   |60.1865  |84.2972
527 |52.7|825.983|2847.12 |1596.89    |100.444|60.536    |60.2687  |84.3267
528 |52.8|826    |2851.06 |1602.94    |100.446|60.6197   |60.3509  |84.3561
529 |52.9|826.016|2854.99 |1609       |100.447|60.7033   |60.4328  |84.3853
530 |53  |826.032|2858.91 |1615.06    |100.449|60.7866   |60.5146  |84.4145
531 |53.1|826.048|2862.82 |1621.13    |100.451|60.8698   |60.5963  |84.4435
532 |53.2|826.064|2866.72 |1627.21    |100.453|60.9528   |60.6777  |84.4725
533 |53.3|826.079|2870.62 |1633.3     |100.455|61.0356   |60.7591  |84.5013
534 |53.4|826.095|2874.51 |1639.4     |100.457|61.1183   |60.8402  |84.5301
535 |53.5|826.11 |2878.39 |1645.5     |100.459|61.2008   |60.9212  |84.5587
536 |53.6|826.125|2882.26 |1651.62    |100.461|61.2831   |61.002   |84.5872
537 |53.7|826.139|2886.12 |1657.74    |100.462|61.3652   |61.0827  |84.6157
538 |53.8|826.154|2889.98 |1663.87    |100.464|61.4472   |61.1632  |84.644
539 |53.9|826.168|2893.82 |1670.01    |100.466|61.529    |61.2436  |84.6722
540 |54  |826.183|2897.66 |1676.15    |100.468|61.6106   |61.3238  |84.7003
541 |54.1|826.197|2901.49 |1682.31    |100.469|61.6921   |61.4038  |84.7283
542 |54.2|826.211|2905.32 |1688.47    |100.471|61.7734   |61.4837  |84.7563
543 |54.3|826.224|2909.13 |1694.64    |100.473|61.8545   |61.5634  |84.7841
544 |54.4|826.238|2912.94 |1700.82    |100.474|61.9355   |61.643   |84.8118
545 |54.5|826.251|2916.74 |1707.01    |100.476|62.0163   |61.7224  |84.8394
546 |54.6|826.265|2920.53 |1713.2     |100.478|62.0969   |61.8017  |84.8669
547 |54.7|826.278|2924.32 |1719.41    |100.479|62.1773   |61.8807  |84.8944
548 |54.8|826.291|2928.09 |1725.62    |100.481|62.2576   |61.9597  |84.9217
549 |54.9|826.303|2931.86 |1731.84    |100.482|62.3377   |62.0385  |84.9489
550 |55  |826.316|2935.62 |1738.06    |100.484|62.4177   |62.1171  |84.9761
551 |55.1|826.328|2939.37 |1744.3     |100.485|62.4975   |62.1955  |85.0031
552 |55.2|826.341|2943.12 |1750.54    |100.487|62.5771   |62.2738  |85.0301
553 |55.3|826.353|2946.85 |1756.79    |100.488|62.6565   |62.352   |85.0569
554 |55.4|826.365|2950.58 |1763.05    |100.49 |62.7358   |62.43    |85.0837
555 |55.5|826.377|2954.3  |1769.32    |100.491|62.815    |62.5078  |85.1103
556 |55.6|826.388|2958.02 |1775.59    |100.493|62.8939   |62.5855  |85.1369
557 |55.7|826.4  |2961.72 |1781.88    |100.494|62.9727   |62.663   |85.1634
558 |55.8|826.411|2965.42 |1788.17    |100.496|63.0513   |62.7404  |85.1898
559 |55.9|826.423|2969.11 |1794.47    |100.497|63.1298   |62.8176  |85.2161
560 |56  |826.434|2972.79 |1800.77    |100.498|63.2081   |62.8947  |85.2423
561 |56.1|826.445|2976.47 |1807.09    |100.5  |63.2862   |62.9716  |85.2684
562 |56.2|826.456|2980.14 |1813.41    |100.501|63.3642   |63.0484  |85.2944
563 |56.3|826.467|2983.8  |1819.74    |100.502|63.442    |63.125   |85.3203
564 |56.4|826.477|2987.45 |1826.08    |100.504|63.5197   |63.2014  |85.3461
565 |56.5|826.488|2991.09 |1832.42    |100.505|63.5971   |63.2777  |85.3719
566 |56.6|826.498|2994.73 |1838.77    |100.506|63.6745   |63.3538  |85.3976
567 |56.7|826.508|2998.36 |1845.13    |100.507|63.7516   |63.4298  |85.4231
568 |56.8|826.518|3001.98 |1851.5     |100.509|63.8286   |63.5057  |85.4486
569 |56.9|826.528|3005.59 |1857.88    |100.51 |63.9055   |63.5813  |85.474
570 |57  |826.538|3009.2  |1864.26    |100.511|63.9822   |63.6569  |85.4993
571 |57.1|826.548|3012.8  |1870.65    |100.512|64.0587   |63.7322  |85.5246
572 |57.2|826.558|3016.39 |1877.05    |100.513|64.135    |63.8075  |85.5497
573 |57.3|826.567|3019.97 |1883.46    |100.515|64.2112   |63.8825  |85.5747
574 |57.4|826.577|3023.55 |1889.87    |100.516|64.2873   |63.9575  |85.5997
575 |57.5|826.586|3027.12 |1896.3     |100.517|64.3631   |64.0322  |85.6246
576 |57.6|826.595|3030.68 |1902.73    |100.518|64.4389   |64.1068  |85.6494
577 |57.7|826.604|3034.23 |1909.16    |100.519|64.5144   |64.1813  |85.6741
578 |57.8|826.613|3037.78 |1915.61    |100.52 |64.5898   |64.2556  |85.6987
579 |57.9|826.622|3041.32 |1922.06    |100.521|64.6651   |64.3298  |85.7233
580 |58  |826.631|3044.85 |1928.52    |100.522|64.7402   |64.4038  |85.7477
581 |58.1|826.64 |3048.37 |1934.99    |100.523|64.8151   |64.4777  |85.7721
582 |58.2|826.648|3051.89 |1941.46    |100.524|64.8899   |64.5514  |85.7964
583 |58.3|826.656|3055.4  |1947.94    |100.525|64.9645   |64.625   |85.8206
584 |58.4|826.665|3058.9  |1954.43    |100.526|65.039    |64.6984  |85.8448
585 |58.5|826.673|3062.4  |1960.93    |100.527|65.1133   |64.7717  |85.8688
586 |58.6|826.681|3065.89 |1967.43    |100.528|65.1874   |64.8448  |85.8928
587 |58.7|826.689|3069.37 |1973.95    |100.529|65.2614   |64.9178  |85.9167
588 |58.8|826.697|3072.84 |1980.46    |100.53 |65.3353   |64.9906  |85.9405
589 |58.9|826.705|3076.3  |1986.99    |100.531|65.4089   |65.0633  |85.9643
590 |59  |826.713|3079.76 |1993.52    |100.532|65.4825   |65.1358  |85.9879
591 |59.1|826.72 |3083.21 |2000.07    |100.533|65.5558   |65.2082  |86.0115
592 |59.2|826.728|3086.66 |2006.61    |100.534|65.6291   |65.2804  |86.035
593 |59.3|826.735|3090.09 |2013.17    |100.535|65.7021   |65.3525  |86.0584
594 |59.4|826.743|3093.52 |2019.73    |100.536|65.7751   |65.4245  |86.0818
595 |59.5|826.75 |3096.95 |2026.3     |100.537|65.8478   |65.4963  |86.105
596 |59.6|826.757|3100.36 |2032.88    |100.538|65.9204   |65.5679  |86.1282
597 |59.7|826.764|3103.77 |2039.47    |100.539|65.9929   |65.6394  |86.1513
598 |59.8|826.772|3107.17 |2046.06    |100.539|66.0652   |65.7108  |86.1744
599 |59.9|826.778|3110.56 |2052.66    |100.54 |66.1374   |65.782   |86.1974
600 |60  |826.785|3113.95 |2059.27    |100.541|66.2094   |65.8531  |86.2202
601 |60.1|826.792|3117.33 |2065.88    |100.542|66.2812   |65.924   |86.2431
602 |60.2|826.799|3120.7  |2072.5     |100.543|66.3529   |65.9948  |86.2658
603 |60.3|826.805|3124.07 |2079.13    |100.543|66.4245   |66.0654  |86.2885
604 |60.4|826.812|3127.42 |2085.76    |100.544|66.4959   |66.1359  |86.3111
605 |60.5|826.818|3130.77 |2092.41    |100.545|66.5671   |66.2062  |86.3336
606 |60.6|826.825|3134.12 |2099.06    |100.546|66.6382   |66.2764  |86.356
607 |60.7|826.831|3137.46 |2105.71    |100.547|66.7092   |66.3465  |86.3784
608 |60.8|826.837|3140.79 |2112.38    |100.547|66.78     |66.4164  |86.4007
609 |60.9|826.843|3144.11 |2119.05    |100.548|66.8506   |66.4862  |86.4229
610 |61  |826.85 |3147.42 |2125.73    |100.549|66.9211   |66.5558  |86.4451
611 |61.1|826.856|3150.73 |2132.41    |100.55 |66.9915   |66.6253  |86.4672
612 |61.2|826.861|3154.04 |2139.1     |100.55 |67.0617   |66.6947  |86.4892
613 |61.3|826.867|3157.33 |2145.8     |100.551|67.1317   |66.7639  |86.5111
614 |61.4|826.873|3160.62 |2152.51    |100.552|67.2017   |66.8329  |86.533
615 |61.5|826.879|3163.9  |2159.22    |100.552|67.2714   |66.9018  |86.5548
616 |61.6|826.885|3167.17 |2165.94    |100.553|67.341    |66.9706  |86.5766
617 |61.7|826.89 |3170.44 |2172.67    |100.554|67.4105   |67.0393  |86.5982
618 |61.8|826.896|3173.7  |2179.4     |100.554|67.4798   |67.1078  |86.6198
619 |61.9|826.901|3176.96 |2186.14    |100.555|67.549    |67.1761  |86.6413
620 |62  |826.906|3180.2  |2192.89    |100.556|67.6181   |67.2443  |86.6628
621 |62.1|826.912|3183.44 |2199.65    |100.556|67.687    |67.3124  |86.6842
622 |62.2|826.917|3186.68 |2206.41    |100.557|67.7557   |67.3804  |86.7055
623 |62.3|826.922|3189.9  |2213.17    |100.558|67.8243   |67.4482  |86.7268
624 |62.4|826.927|3193.12 |2219.95    |100.558|67.8928   |67.5158  |86.748
625 |62.5|826.932|3196.34 |2226.73    |100.559|67.9611   |67.5833  |86.7691
626 |62.6|826.937|3199.54 |2233.52    |100.56 |68.0292   |67.6507  |86.7901
627 |62.7|826.942|3202.74 |2240.32    |100.56 |68.0973   |67.718   |86.8111
628 |62.8|826.947|3205.93 |2247.12    |100.561|68.1651   |67.7851  |86.8321
629 |62.9|826.952|3209.12 |2253.93    |100.561|68.2329   |67.852   |86.8529
630 |63  |826.957|3212.3  |2260.74    |100.562|68.3005   |67.9189  |86.8737
631 |63.1|826.962|3215.47 |2267.57    |100.562|68.3679   |67.9855  |86.8944
632 |63.2|826.966|3218.64 |2274.4     |100.563|68.4352   |68.0521  |86.9151
633 |63.3|826.971|3221.8  |2281.23    |100.564|68.5024   |68.1185  |86.9357
634 |63.4|826.975|3224.95 |2288.08    |100.564|68.5694   |68.1848  |86.9562
635 |63.5|826.98 |3228.09 |2294.93    |100.565|68.6363   |68.2509  |86.9767
636 |63.6|826.984|3231.23 |2301.78    |100.565|68.7031   |68.3169  |86.9971
637 |63.7|826.989|3234.37 |2308.65    |100.566|68.7697   |68.3828  |87.0174
638 |63.8|826.993|3237.49 |2315.51    |100.566|68.8362   |68.4485  |87.0377
639 |63.9|826.997|3240.61 |2322.39    |100.567|68.9025   |68.5141  |87.0579
640 |64  |827.001|3243.72 |2329.27    |100.567|68.9687   |68.5796  |87.0781
641 |64.1|827.006|3246.83 |2336.16    |100.568|69.0347   |68.6449  |87.0982
642 |64.2|827.01 |3249.93 |2343.06    |100.568|69.1006   |68.7101  |87.1182
643 |64.3|827.014|3253.02 |2349.96    |100.569|69.1664   |68.7752  |87.1382
644 |64.4|827.018|3256.11 |2356.87    |100.569|69.232    |68.8401  |87.1581
645 |64.5|827.022|3259.19 |2363.79    |100.57 |69.2975   |68.9049  |87.178
646 |64.6|827.026|3262.26 |2370.71    |100.57 |69.3629   |68.9696  |87.1977
647 |64.7|827.03 |3265.33 |2377.64    |100.571|69.4281   |69.0341  |87.2175
648 |64.8|827.033|3268.39 |2384.57    |100.571|69.4932   |69.0985  |87.2371
649 |64.9|827.037|3271.45 |2391.52    |100.572|69.5581   |69.1627  |87.2567
650 |65  |827.041|3274.49 |2398.46    |100.572|69.6229   |69.2268  |87.2763
651 |65.1|827.045|3277.54 |2405.42    |100.573|69.6876   |69.2908  |87.2958
652 |65.2|827.048|3280.57 |2412.38    |100.573|69.7521   |69.3547  |87.3152
653 |65.3|827.052|3283.6  |2419.35    |100.573|69.8165   |69.4184  |87.3346
654 |65.4|827.055|3286.62 |2426.32    |100.574|69.8808   |69.482   |87.3539
655 |65.5|827.059|3289.64 |2433.3     |100.574|69.9449   |69.5455  |87.3731
656 |65.6|827.062|3292.65 |2440.29    |100.575|70.0089   |69.6088  |87.3923
657 |65.7|827.066|3295.65 |2447.28    |100.575|70.0727   |69.672   |87.4115
658 |65.8|827.069|3298.65 |2454.28    |100.576|70.1364   |69.7351  |87.4306
659 |65.9|827.073|3301.64 |2461.29    |100.576|70.2      |69.798   |87.4496
660 |66  |827.076|3304.62 |2468.3     |100.576|70.2635   |69.8608  |87.4685
661 |66.1|827.079|3307.6  |2475.32    |100.577|70.3268   |69.9235  |87.4875
662 |66.2|827.082|3310.57 |2482.35    |100.577|70.39     |69.986   |87.5063
663 |66.3|827.086|3313.54 |2489.38    |100.578|70.453    |70.0485  |87.5251
664 |66.4|827.089|3316.5  |2496.42    |100.578|70.5159   |70.1107  |87.5438
665 |66.5|827.092|3319.45 |2503.46    |100.578|70.5787   |70.1729  |87.5625
666 |66.6|827.095|3322.39 |2510.51    |100.579|70.6414   |70.2349  |87.5812
667 |66.7|827.098|3325.33 |2517.57    |100.579|70.7039   |70.2968  |87.5997
668 |66.8|827.101|3328.27 |2524.63    |100.579|70.7663   |70.3586  |87.6182
669 |66.9|827.104|3331.2  |2531.7     |100.58 |70.8285   |70.4202  |87.6367
670 |67  |827.107|3334.12 |2538.77    |100.58 |70.8906   |70.4818  |87.6551
671 |67.1|827.11 |3337.03 |2545.86    |100.58 |70.9526   |70.5431  |87.6735
672 |67.2|827.113|3339.94 |2552.94    |100.581|71.0145   |70.6044  |87.6918
673 |67.3|827.115|3342.85 |2560.04    |100.581|71.0762   |70.6655  |87.71
674 |67.4|827.118|3345.74 |2567.14    |100.582|71.1378   |70.7265  |87.7282
675 |67.5|827.121|3348.64 |2574.24    |100.582|71.1993   |70.7874  |87.7464
676 |67.6|827.124|3351.52 |2581.36    |100.582|71.2606   |70.8482  |87.7644
677 |67.7|827.126|3354.4  |2588.47    |100.583|71.3218   |70.9088  |87.7825
678 |67.8|827.129|3357.27 |2595.6     |100.583|71.3829   |70.9693  |87.8005
679 |67.9|827.132|3360.14 |2602.73    |100.583|71.4439   |71.0297  |87.8184
680 |68  |827.134|3363    |2609.87    |100.583|71.5047   |71.0899  |87.8363
681 |68.1|827.137|3365.85 |2617.01    |100.584|71.5654   |71.15    |87.8541
682 |68.2|827.139|3368.7  |2624.16    |100.584|71.626    |71.21    |87.8719
683 |68.3|827.142|3371.54 |2631.31    |100.584|71.6864   |71.2699  |87.8896
684 |68.4|827.144|3374.38 |2638.47    |100.585|71.7467   |71.3296  |87.9072
685 |68.5|827.147|3377.21 |2645.64    |100.585|71.8069   |71.3893  |87.9249
686 |68.6|827.149|3380.04 |2652.81    |100.585|71.8669   |71.4488  |87.9424
687 |68.7|827.152|3382.85 |2659.99    |100.586|71.9269   |71.5081  |87.9599
688 |68.8|827.154|3385.67 |2667.18    |100.586|71.9867   |71.5674  |87.9774
689 |68.9|827.156|3388.47 |2674.37    |100.586|72.0463   |71.6265  |87.9948
690 |69  |827.159|3391.27 |2681.57    |100.586|72.1059   |71.6855  |88.0122
691 |69.1|827.161|3394.07 |2688.77    |100.587|72.1653   |71.7444  |88.0295
692 |69.2|827.163|3396.86 |2695.98    |100.587|72.2246   |71.8032  |88.0468
693 |69.3|827.165|3399.64 |2703.19    |100.587|72.2838   |71.8618  |88.064
694 |69.4|827.167|3402.42 |2710.41    |100.588|72.3428   |71.9203  |88.0812
695 |69.5|827.17 |3405.19 |2717.64    |100.588|72.4018   |71.9787  |88.0983
696 |69.6|827.172|3407.95 |2724.87    |100.588|72.4606   |72.037   |88.1153
697 |69.7|827.174|3410.71 |2732.11    |100.588|72.5192   |72.0951  |88.1324
698 |69.8|827.176|3413.47 |2739.36    |100.589|72.5778   |72.1531  |88.1493
699 |69.9|827.178|3416.22 |2746.61    |100.589|72.6362   |72.211   |88.1663
700 |70  |827.18 |3418.96 |2753.86    |100.589|72.6945   |72.2688  |88.1831
701 |70.1|827.182|3421.69 |2761.12    |100.589|72.7527   |72.3265  |88.2
702 |70.2|827.184|3424.42 |2768.39    |100.59 |72.8107   |72.384   |88.2168
703 |70.3|827.186|3427.15 |2775.66    |100.59 |72.8687   |72.4414  |88.2335
704 |70.4|827.188|3429.87 |2782.94    |100.59 |72.9265   |72.4988  |88.2502
705 |70.5|827.19 |3432.58 |2790.23    |100.59 |72.9842   |72.5559  |88.2668
706 |70.6|827.192|3435.29 |2797.52    |100.59 |73.0417   |72.613   |88.2834
707 |70.7|827.194|3437.99 |2804.82    |100.591|73.0992   |72.6699  |88.2999
708 |70.8|827.195|3440.69 |2812.12    |100.591|73.1565   |72.7268  |88.3164
709 |70.9|827.197|3443.38 |2819.43    |100.591|73.2137   |72.7835  |88.3329
710 |71  |827.199|3446.06 |2826.74    |100.591|73.2708   |72.8401  |88.3493
711 |71.1|827.201|3448.74 |2834.06    |100.592|73.3278   |72.8965  |88.3657
712 |71.2|827.203|3451.41 |2841.38    |100.592|73.3846   |72.9529  |88.382
713 |71.3|827.204|3454.08 |2848.71    |100.592|73.4413   |73.0091  |88.3983
714 |71.4|827.206|3456.74 |2856.05    |100.592|73.4979   |73.0652  |88.4145
715 |71.5|827.208|3459.4  |2863.39    |100.592|73.5544   |73.1212  |88.4307
716 |71.6|827.209|3462.05 |2870.74    |100.593|73.6108   |73.1771  |88.4468
717 |71.7|827.211|3464.7  |2878.09    |100.593|73.667    |73.2329  |88.4629
718 |71.8|827.213|3467.33 |2885.45    |100.593|73.7231   |73.2885  |88.4789
719 |71.9|827.214|3469.97 |2892.82    |100.593|73.7791   |73.344   |88.4949
720 |72  |827.216|3472.6  |2900.19    |100.593|73.835    |73.3994  |88.5109
721 |72.1|827.218|3475.22 |2907.56    |100.594|73.8908   |73.4547  |88.5268
722 |72.2|827.219|3477.84 |2914.94    |100.594|73.9464   |73.5099  |88.5427
723 |72.3|827.221|3480.45 |2922.33    |100.594|74.0019   |73.565   |88.5585
724 |72.4|827.222|3483.06 |2929.72    |100.594|74.0574   |73.6199  |88.5743
725 |72.5|827.224|3485.66 |2937.12    |100.594|74.1127   |73.6748  |88.59
726 |72.6|827.225|3488.25 |2944.52    |100.595|74.1678   |73.7295  |88.6057
727 |72.7|827.227|3490.84 |2951.93    |100.595|74.2229   |73.7841  |88.6214
728 |72.8|827.228|3493.42 |2959.35    |100.595|74.2778   |73.8386  |88.637
729 |72.9|827.229|3496    |2966.77    |100.595|74.3327   |73.893   |88.6525
730 |73  |827.231|3498.58 |2974.19    |100.595|74.3874   |73.9472  |88.6681
731 |73.1|827.232|3501.14 |2981.62    |100.595|74.442    |74.0014  |88.6836
732 |73.2|827.234|3503.71 |2989.06    |100.596|74.4965   |74.0554  |88.699
733 |73.3|827.235|3506.26 |2996.5     |100.596|74.5508   |74.1093  |88.7144
734 |73.4|827.236|3508.81 |3003.95    |100.596|74.6051   |74.1631  |88.7298
735 |73.5|827.238|3511.36 |3011.4     |100.596|74.6592   |74.2168  |88.7451
736 |73.6|827.239|3513.9  |3018.86    |100.596|74.7132   |74.2704  |88.7603
737 |73.7|827.24 |3516.44 |3026.32    |100.596|74.7671   |74.3239  |88.7756
738 |73.8|827.242|3518.97 |3033.79    |100.597|74.8209   |74.3772  |88.7908
739 |73.9|827.243|3521.49 |3041.27    |100.597|74.8746   |74.4305  |88.8059
740 |74  |827.244|3524.01 |3048.75    |100.597|74.9282   |74.4836  |88.821
741 |74.1|827.245|3526.52 |3056.23    |100.597|74.9816   |74.5367  |88.8361
742 |74.2|827.247|3529.03 |3063.72    |100.597|75.035    |74.5896  |88.8511
743 |74.3|827.248|3531.54 |3071.22    |100.597|75.0882   |74.6424  |88.8661
744 |74.4|827.249|3534.03 |3078.72    |100.597|75.1413   |74.6951  |88.8811
745 |74.5|827.25 |3536.53 |3086.22    |100.598|75.1943   |74.7476  |88.896
746 |74.6|827.251|3539.01 |3093.73    |100.598|75.2472   |74.8001  |88.9108
747 |74.7|827.252|3541.5  |3101.25    |100.598|75.3      |74.8525  |88.9257
748 |74.8|827.254|3543.97 |3108.77    |100.598|75.3526   |74.9047  |88.9405
749 |74.9|827.255|3546.45 |3116.3     |100.598|75.4052   |74.9568  |88.9552
750 |75  |827.256|3548.91 |3123.83    |100.598|75.4576   |75.0089  |88.9699
751 |75.1|827.257|3551.37 |3131.37    |100.598|75.5099   |75.0608  |88.9846
752 |75.2|827.258|3553.83 |3138.91    |100.599|75.5622   |75.1126  |88.9992
753 |75.3|827.259|3556.28 |3146.46    |100.599|75.6143   |75.1643  |89.0138
754 |75.4|827.26 |3558.73 |3154.01    |100.599|75.6663   |75.2159  |89.0284
755 |75.5|827.261|3561.17 |3161.57    |100.599|75.7182   |75.2674  |89.0429
756 |75.6|827.262|3563.6  |3169.14    |100.599|75.7699   |75.3188  |89.0574
757 |75.7|827.263|3566.03 |3176.71    |100.599|75.8216   |75.37    |89.0718
758 |75.8|827.264|3568.46 |3184.28    |100.599|75.8732   |75.4212  |89.0862
759 |75.9|827.265|3570.88 |3191.86    |100.599|75.9246   |75.4722  |89.1006
760 |76  |827.266|3573.29 |3199.44    |100.6  |75.9759   |75.5232  |89.1149
761 |76.1|827.267|3575.7  |3207.03    |100.6  |76.0272   |75.574   |89.1292
762 |76.2|827.268|3578.1  |3214.63    |100.6  |76.0783   |75.6247  |89.1435
763 |76.3|827.269|3580.5  |3222.23    |100.6  |76.1293   |75.6754  |89.1577
764 |76.4|827.27 |3582.9  |3229.83    |100.6  |76.1802   |75.7259  |89.1719
765 |76.5|827.271|3585.29 |3237.44    |100.6  |76.231    |75.7763  |89.186
766 |76.6|827.272|3587.67 |3245.06    |100.6  |76.2817   |75.8266  |89.2001
767 |76.7|827.273|3590.05 |3252.68    |100.6  |76.3323   |75.8768  |89.2142
768 |76.8|827.274|3592.42 |3260.3     |100.6  |76.3828   |75.9269  |89.2282
769 |76.9|827.274|3594.79 |3267.93    |100.601|76.4331   |75.9769  |89.2422
770 |77  |827.275|3597.16 |3275.57    |100.601|76.4834   |76.0268  |89.2562
771 |77.1|827.276|3599.52 |3283.21    |100.601|76.5336   |76.0765  |89.2701
772 |77.2|827.277|3601.87 |3290.85    |100.601|76.5836   |76.1262  |89.284
773 |77.3|827.278|3604.22 |3298.5     |100.601|76.6336   |76.1758  |89.2978
774 |77.4|827.279|3606.56 |3306.16    |100.601|76.6834   |76.2252  |89.3116
775 |77.5|827.28 |3608.9  |3313.82    |100.601|76.7331   |76.2746  |89.3254
776 |77.6|827.28 |3611.24 |3321.48    |100.601|76.7827   |76.3239  |89.3392
777 |77.7|827.281|3613.56 |3329.15    |100.601|76.8323   |76.373   |89.3529
778 |77.8|827.282|3615.89 |3336.83    |100.601|76.8817   |76.4221  |89.3666
779 |77.9|827.283|3618.21 |3344.51    |100.602|76.931    |76.471   |89.3802
780 |78  |827.283|3620.52 |3352.19    |100.602|76.9802   |76.5199  |89.3938
781 |78.1|827.284|3622.83 |3359.88    |100.602|77.0293   |76.5686  |89.4074
782 |78.2|827.285|3625.14 |3367.58    |100.602|77.0783   |76.6172  |89.4209
783 |78.3|827.286|3627.44 |3375.28    |100.602|77.1272   |76.6658  |89.4344
784 |78.4|827.286|3629.73 |3382.98    |100.602|77.176    |76.7142  |89.4479
785 |78.5|827.287|3632.02 |3390.69    |100.602|77.2247   |76.7625  |89.4613
786 |78.6|827.288|3634.31 |3398.41    |100.602|77.2733   |76.8107  |89.4747
787 |78.7|827.289|3636.59 |3406.13    |100.602|77.3217   |76.8589  |89.4881
788 |78.8|827.289|3638.86 |3413.85    |100.602|77.3701   |76.9069  |89.5014
789 |78.9|827.29 |3641.13 |3421.58    |100.602|77.4184   |76.9548  |89.5147
790 |79  |827.291|3643.4  |3429.31    |100.602|77.4666   |77.0026  |89.528
791 |79.1|827.291|3645.66 |3437.05    |100.603|77.5146   |77.0504  |89.5412
792 |79.2|827.292|3647.91 |3444.79    |100.603|77.5626   |77.098   |89.5544
793 |79.3|827.293|3650.17 |3452.54    |100.603|77.6105   |77.1455  |89.5676
794 |79.4|827.293|3652.41 |3460.29    |100.603|77.6583   |77.1929  |89.5807
795 |79.5|827.294|3654.65 |3468.05    |100.603|77.7059   |77.2402  |89.5938
796 |79.6|827.295|3656.89 |3475.81    |100.603|77.7535   |77.2875  |89.6069
797 |79.7|827.295|3659.12 |3483.58    |100.603|77.8009   |77.3346  |89.6199
798 |79.8|827.296|3661.35 |3491.35    |100.603|77.8483   |77.3816  |89.6329
799 |79.9|827.296|3663.57 |3499.13    |100.603|77.8956   |77.4285  |89.6459
800 |80  |827.297|3665.79 |3506.91    |100.603|77.9427   |77.4753  |89.6588
801 |80.1|827.298|3668    |3514.7     |100.603|77.9898   |77.5221  |89.6717
802 |80.2|827.298|3670.21 |3522.49    |100.603|78.0368   |77.5687  |89.6846
803 |80.3|827.299|3672.42 |3530.28    |100.603|78.0836   |77.6152  |89.6974
804 |80.4|827.299|3674.62 |3538.08    |100.604|78.1304   |77.6617  |89.7102
805 |80.5|827.3  |3676.81 |3545.89    |100.604|78.177    |77.708   |89.723
806 |80.6|827.3  |3679    |3553.7     |100.604|78.2236   |77.7542  |89.7357
807 |80.7|827.301|3681.19 |3561.51    |100.604|78.2701   |77.8004  |89.7484
808 |80.8|827.302|3683.37 |3569.33    |100.604|78.3164   |77.8464  |89.7611
809 |80.9|827.302|3685.54 |3577.15    |100.604|78.3627   |77.8923  |89.7738
810 |81  |827.303|3687.72 |3584.98    |100.604|78.4089   |77.9382  |89.7864
811 |81.1|827.303|3689.88 |3592.81    |100.604|78.455    |77.9839  |89.799
812 |81.2|827.304|3692.04 |3600.65    |100.604|78.5009   |78.0296  |89.8115
813 |81.3|827.304|3694.2  |3608.49    |100.604|78.5468   |78.0751  |89.8241
814 |81.4|827.305|3696.36 |3616.34    |100.604|78.5926   |78.1206  |89.8366
815 |81.5|827.305|3698.5  |3624.19    |100.604|78.6383   |78.1659  |89.849
816 |81.6|827.306|3700.65 |3632.05    |100.604|78.6839   |78.2112  |89.8614
817 |81.7|827.306|3702.79 |3639.91    |100.604|78.7294   |78.2564  |89.8739
818 |81.8|827.307|3704.92 |3647.77    |100.604|78.7747   |78.3015  |89.8862
819 |81.9|827.307|3707.05 |3655.64    |100.604|78.82     |78.3464  |89.8986
820 |82  |827.308|3709.18 |3663.51    |100.605|78.8652   |78.3913  |89.9109
821 |82.1|827.308|3711.3  |3671.39    |100.605|78.9103   |78.4361  |89.9232
822 |82.2|827.309|3713.42 |3679.27    |100.605|78.9554   |78.4808  |89.9354
823 |82.3|827.309|3715.53 |3687.16    |100.605|79.0003   |78.5254  |89.9476
824 |82.4|827.309|3717.64 |3695.05    |100.605|79.0451   |78.5699  |89.9598
825 |82.5|827.31 |3719.74 |3702.95    |100.605|79.0898   |78.6143  |89.972
826 |82.6|827.31 |3721.84 |3710.85    |100.605|79.1344   |78.6586  |89.9841
827 |82.7|827.311|3723.93 |3718.75    |100.605|79.179    |78.7029  |89.9962
828 |82.8|827.311|3726.02 |3726.66    |100.605|79.2234   |78.747   |90.0083
829 |82.9|827.312|3728.11 |3734.58    |100.605|79.2678   |78.791   |90.0204
830 |83  |827.312|3730.19 |3742.5     |100.605|79.312    |78.835   |90.0324
831 |83.1|827.313|3732.27 |3750.42    |100.605|79.3562   |78.8788  |90.0444
832 |83.2|827.313|3734.34 |3758.35    |100.605|79.4002   |78.9226  |90.0563
833 |83.3|827.313|3736.41 |3766.28    |100.605|79.4442   |78.9663  |90.0683
834 |83.4|827.314|3738.47 |3774.21    |100.605|79.4881   |79.0098  |90.0802
835 |83.5|827.314|3740.53 |3782.15    |100.605|79.5319   |79.0533  |90.092
836 |83.6|827.314|3742.59 |3790.1     |100.605|79.5756   |79.0967  |90.1039
837 |83.7|827.315|3744.64 |3798.05    |100.605|79.6192   |79.14    |90.1157
838 |83.8|827.315|3746.68 |3806       |100.605|79.6627   |79.1832  |90.1275
839 |83.9|827.316|3748.72 |3813.96    |100.606|79.7061   |79.2263  |90.1393
840 |84  |827.316|3750.76 |3821.92    |100.606|79.7494   |79.2694  |90.151
841 |84.1|827.316|3752.8  |3829.89    |100.606|79.7926   |79.3123  |90.1627
842 |84.2|827.317|3754.82 |3837.86    |100.606|79.8358   |79.3551  |90.1744
843 |84.3|827.317|3756.85 |3845.83    |100.606|79.8788   |79.3979  |90.186
844 |84.4|827.317|3758.87 |3853.81    |100.606|79.9218   |79.4406  |90.1977
845 |84.5|827.318|3760.89 |3861.8     |100.606|79.9646   |79.4831  |90.2093
846 |84.6|827.318|3762.9  |3869.78    |100.606|80.0074   |79.5256  |90.2208
847 |84.7|827.318|3764.9  |3877.78    |100.606|80.0501   |79.568   |90.2324
848 |84.8|827.319|3766.91 |3885.77    |100.606|80.0927   |79.6103  |90.2439
849 |84.9|827.319|3768.91 |3893.77    |100.606|80.1352   |79.6525  |90.2554
850 |85  |827.319|3770.9  |3901.78    |100.606|80.1776   |79.6946  |90.2668
851 |85.1|827.32 |3772.89 |3909.79    |100.606|80.2199   |79.7367  |90.2783
852 |85.2|827.32 |3774.88 |3917.8     |100.606|80.2621   |79.7786  |90.2897
853 |85.3|827.32 |3776.86 |3925.82    |100.606|80.3043   |79.8205  |90.301
854 |85.4|827.321|3778.84 |3933.84    |100.606|80.3463   |79.8623  |90.3124
855 |85.5|827.321|3780.81 |3941.87    |100.606|80.3883   |79.9039  |90.3237
856 |85.6|827.321|3782.78 |3949.9     |100.606|80.4302   |79.9455  |90.335
857 |85.7|827.322|3784.75 |3957.93    |100.606|80.472    |79.987   |90.3463
858 |85.8|827.322|3786.71 |3965.97    |100.606|80.5137   |80.0284  |90.3576
859 |85.9|827.322|3788.66 |3974.01    |100.606|80.5553   |80.0698  |90.3688
860 |86  |827.323|3790.62 |3982.06    |100.606|80.5968   |80.111   |90.38
861 |86.1|827.323|3792.56 |3990.11    |100.606|80.6382   |80.1522  |90.3911
862 |86.2|827.323|3794.51 |3998.17    |100.606|80.6796   |80.1932  |90.4023
863 |86.3|827.323|3796.45 |4006.23    |100.606|80.7208   |80.2342  |90.4134
864 |86.4|827.324|3798.39 |4014.29    |100.607|80.762    |80.2751  |90.4245
865 |86.5|827.324|3800.32 |4022.36    |100.607|80.8031   |80.3159  |90.4356
866 |86.6|827.324|3802.25 |4030.43    |100.607|80.8441   |80.3566  |90.4466
867 |86.7|827.324|3804.17 |4038.51    |100.607|80.885    |80.3973  |90.4576
868 |86.8|827.325|3806.09 |4046.59    |100.607|80.9258   |80.4378  |90.4686
869 |86.9|827.325|3808.01 |4054.67    |100.607|80.9665   |80.4783  |90.4796
870 |87  |827.325|3809.92 |4062.76    |100.607|81.0072   |80.5187  |90.4905
871 |87.1|827.326|3811.82 |4070.85    |100.607|81.0477   |80.5589  |90.5014
872 |87.2|827.326|3813.73 |4078.95    |100.607|81.0882   |80.5992  |90.5123
873 |87.3|827.326|3815.63 |4087.05    |100.607|81.1286   |80.6393  |90.5232
874 |87.4|827.326|3817.52 |4095.15    |100.607|81.1689   |80.6793  |90.534
875 |87.5|827.327|3819.42 |4103.26    |100.607|81.2091   |80.7193  |90.5448
876 |87.6|827.327|3821.3  |4111.37    |100.607|81.2492   |80.7591  |90.5556
877 |87.7|827.327|3823.19 |4119.49    |100.607|81.2893   |80.7989  |90.5664
878 |87.8|827.327|3825.07 |4127.61    |100.607|81.3292   |80.8386  |90.5771
879 |87.9|827.327|3826.94 |4135.73    |100.607|81.3691   |80.8782  |90.5879
880 |88  |827.328|3828.81 |4143.86    |100.607|81.4089   |80.9178  |90.5985
881 |88.1|827.328|3830.68 |4151.99    |100.607|81.4486   |80.9572  |90.6092
882 |88.2|827.328|3832.54 |4160.13    |100.607|81.4882   |80.9966  |90.6199
883 |88.3|827.328|3834.4  |4168.27    |100.607|81.5278   |81.0358  |90.6305
884 |88.4|827.329|3836.26 |4176.41    |100.607|81.5672   |81.075   |90.6411
885 |88.5|827.329|3838.11 |4184.56    |100.607|81.6066   |81.1141  |90.6517
886 |88.6|827.329|3839.96 |4192.71    |100.607|81.6459   |81.1532  |90.6622
887 |88.7|827.329|3841.8  |4200.87    |100.607|81.6851   |81.1921  |90.6727
888 |88.8|827.329|3843.64 |4209.03    |100.607|81.7242   |81.231   |90.6832
889 |88.9|827.33 |3845.48 |4217.19    |100.607|81.7633   |81.2698  |90.6937
890 |89  |827.33 |3847.31 |4225.36    |100.607|81.8022   |81.3085  |90.7042
891 |89.1|827.33 |3849.14 |4233.53    |100.607|81.8411   |81.3471  |90.7146
892 |89.2|827.33 |3850.96 |4241.71    |100.607|81.8799   |81.3856  |90.725
893 |89.3|827.33 |3852.78 |4249.89    |100.607|81.9186   |81.4241  |90.7354
894 |89.4|827.331|3854.6  |4258.07    |100.607|81.9572   |81.4625  |90.7457
895 |89.5|827.331|3856.41 |4266.26    |100.607|81.9958   |81.5008  |90.7561
896 |89.6|827.331|3858.22 |4274.45    |100.607|82.0342   |81.539   |90.7664
897 |89.7|827.331|3860.03 |4282.64    |100.607|82.0726   |81.5771  |90.7767
898 |89.8|827.331|3861.83 |4290.84    |100.607|82.1109   |81.6151  |90.787
899 |89.9|827.332|3863.63 |4299.04    |100.607|82.1491   |81.6531  |90.7972
900 |90  |827.332|3865.42 |4307.25    |100.607|82.1873   |81.691   |90.8074
901 |90.1|827.332|3867.21 |4315.46    |100.608|82.2253   |81.7288  |90.8176
902 |90.2|827.332|3869    |4323.67    |100.608|82.2633   |81.7665  |90.8278
903 |90.3|827.332|3870.78 |4331.89    |100.608|82.3012   |81.8042  |90.838
904 |90.4|827.332|3872.56 |4340.11    |100.608|82.339    |81.8418  |90.8481
905 |90.5|827.333|3874.33 |4348.34    |100.608|82.3767   |81.8792  |90.8582
906 |90.6|827.333|3876.1  |4356.57    |100.608|82.4144   |81.9167  |90.8683
907 |90.7|827.333|3877.87 |4364.8     |100.608|82.452    |81.954   |90.8784
908 |90.8|827.333|3879.63 |4373.03    |100.608|82.4895   |81.9912  |90.8884
909 |90.9|827.333|3881.39 |4381.27    |100.608|82.5269   |82.0284  |90.8984
910 |91  |827.333|3883.15 |4389.52    |100.608|82.5642   |82.0655  |90.9084
911 |91.1|827.334|3884.9  |4397.77    |100.608|82.6015   |82.1025  |90.9184
912 |91.2|827.334|3886.65 |4406.02    |100.608|82.6386   |82.1395  |90.9284
913 |91.3|827.334|3888.39 |4414.27    |100.608|82.6757   |82.1763  |90.9383
914 |91.4|827.334|3890.13 |4422.53    |100.608|82.7127   |82.2131  |90.9482
915 |91.5|827.334|3891.87 |4430.79    |100.608|82.7497   |82.2498  |90.9581
916 |91.6|827.334|3893.61 |4439.06    |100.608|82.7866   |82.2864  |90.968
917 |91.7|827.334|3895.34 |4447.33    |100.608|82.8233   |82.323   |90.9778
918 |91.8|827.335|3897.06 |4455.6     |100.608|82.86     |82.3594  |90.9876
919 |91.9|827.335|3898.78 |4463.88    |100.608|82.8967   |82.3958  |90.9974
920 |92  |827.335|3900.5  |4472.16    |100.608|82.9332   |82.4321  |91.0072
921 |92.1|827.335|3902.22 |4480.45    |100.608|82.9697   |82.4684  |91.017
922 |92.2|827.335|3903.93 |4488.73    |100.608|83.0061   |82.5045  |91.0267
923 |92.3|827.335|3905.64 |4497.03    |100.608|83.0424   |82.5406  |91.0365
924 |92.4|827.335|3907.34 |4505.32    |100.608|83.0786   |82.5766  |91.0462
925 |92.5|827.336|3909.04 |4513.62    |100.608|83.1148   |82.6126  |91.0558
926 |92.6|827.336|3910.74 |4521.92    |100.608|83.1509   |82.6484  |91.0655
927 |92.7|827.336|3912.43 |4530.23    |100.608|83.1869   |82.6842  |91.0751
928 |92.8|827.336|3914.12 |4538.54    |100.608|83.2228   |82.7199  |91.0847
929 |92.9|827.336|3915.81 |4546.85    |100.608|83.2587   |82.7555  |91.0943
930 |93  |827.336|3917.49 |4555.17    |100.608|83.2945   |82.7911  |91.1039
931 |93.1|827.336|3919.17 |4563.49    |100.608|83.3302   |82.8266  |91.1135
932 |93.2|827.336|3920.85 |4571.81    |100.608|83.3658   |82.862   |91.123
933 |93.3|827.337|3922.52 |4580.14    |100.608|83.4014   |82.8973  |91.1325
934 |93.4|827.337|3924.19 |4588.47    |100.608|83.4368   |82.9325  |91.142
935 |93.5|827.337|3925.85 |4596.81    |100.608|83.4722   |82.9677  |91.1515
936 |93.6|827.337|3927.52 |4605.15    |100.608|83.5076   |83.0028  |91.1609
937 |93.7|827.337|3929.17 |4613.49    |100.608|83.5428   |83.0378  |91.1704
938 |93.8|827.337|3930.83 |4621.83    |100.608|83.578    |83.0728  |91.1798
939 |93.9|827.337|3932.48 |4630.18    |100.608|83.6131   |83.1077  |91.1892
940 |94  |827.337|3934.13 |4638.54    |100.608|83.6481   |83.1425  |91.1985
941 |94.1|827.337|3935.77 |4646.89    |100.608|83.6831   |83.1772  |91.2079
942 |94.2|827.338|3937.41 |4655.25    |100.608|83.718    |83.2119  |91.2172
943 |94.3|827.338|3939.05 |4663.61    |100.608|83.7528   |83.2465  |91.2265
944 |94.4|827.338|3940.68 |4671.98    |100.608|83.7875   |83.281   |91.2358
945 |94.5|827.338|3942.31 |4680.35    |100.608|83.8222   |83.3154  |91.2451
946 |94.6|827.338|3943.94 |4688.72    |100.608|83.8567   |83.3498  |91.2544
947 |94.7|827.338|3945.56 |4697.1     |100.608|83.8913   |83.3841  |91.2636
948 |94.8|827.338|3947.18 |4705.48    |100.608|83.9257   |83.4183  |91.2728
949 |94.9|827.338|3948.8  |4713.86    |100.608|83.9601   |83.4524  |91.282
950 |95  |827.338|3950.41 |4722.25    |100.608|83.9944   |83.4865  |91.2912
951 |95.1|827.338|3952.02 |4730.64    |100.608|84.0286   |83.5205  |91.3003
952 |95.2|827.339|3953.63 |4739.04    |100.608|84.0627   |83.5544  |91.3095
953 |95.3|827.339|3955.23 |4747.43    |100.608|84.0968   |83.5883  |91.3186
954 |95.4|827.339|3956.83 |4755.83    |100.608|84.1308   |83.6221  |91.3277
955 |95.5|827.339|3958.42 |4764.24    |100.608|84.1647   |83.6558  |91.3368
956 |95.6|827.339|3960.02 |4772.65    |100.608|84.1986   |83.6895  |91.3458
957 |95.7|827.339|3961.6  |4781.06    |100.608|84.2324   |83.723   |91.3549
958 |95.8|827.339|3963.19 |4789.47    |100.608|84.2661   |83.7565  |91.3639
959 |95.9|827.339|3964.77 |4797.89    |100.608|84.2997   |83.79    |91.3729
960 |96  |827.339|3966.35 |4806.31    |100.608|84.3333   |83.8233  |91.3819
961 |96.1|827.339|3967.93 |4814.73    |100.608|84.3668   |83.8566  |91.3908
962 |96.2|827.339|3969.5  |4823.16    |100.608|84.4002   |83.8898  |91.3998
963 |96.3|827.34 |3971.07 |4831.59    |100.608|84.4336   |83.923   |91.4087
964 |96.4|827.34 |3972.63 |4840.03    |100.608|84.4669   |83.956   |91.4176
965 |96.5|827.34 |3974.2  |4848.46    |100.608|84.5001   |83.9891  |91.4265
966 |96.6|827.34 |3975.75 |4856.91    |100.608|84.5332   |84.022   |91.4354
967 |96.7|827.34 |3977.31 |4865.35    |100.608|84.5663   |84.0549  |91.4443
968 |96.8|827.34 |3978.86 |4873.8     |100.608|84.5993   |84.0877  |91.4531
969 |96.9|827.34 |3980.41 |4882.25    |100.608|84.6322   |84.1204  |91.4619
970 |97  |827.34 |3981.96 |4890.7     |100.608|84.6651   |84.153   |91.4707
971 |97.1|827.34 |3983.5  |4899.16    |100.609|84.6979   |84.1856  |91.4795
972 |97.2|827.34 |3985.04 |4907.62    |100.609|84.7306   |84.2181  |91.4883
973 |97.3|827.34 |3986.57 |4916.08    |100.609|84.7633   |84.2506  |91.497
974 |97.4|827.34 |3988.11 |4924.55    |100.609|84.7959   |84.283   |91.5057
975 |97.5|827.34 |3989.64 |4933.02    |100.609|84.8284   |84.3153  |91.5145
976 |97.6|827.341|3991.16 |4941.5     |100.609|84.8608   |84.3475  |91.5232
977 |97.7|827.341|3992.69 |4949.97    |100.609|84.8932   |84.3797  |91.5318
978 |97.8|827.341|3994.21 |4958.45    |100.609|84.9255   |84.4118  |91.5405
979 |97.9|827.341|3995.72 |4966.94    |100.609|84.9578   |84.4439  |91.5491
980 |98  |827.341|3997.23 |4975.42    |100.609|84.9899   |84.4758  |91.5577
981 |98.1|827.341|3998.74 |4983.91    |100.609|85.022    |84.5077  |91.5664
982 |98.2|827.341|4000.25 |4992.41    |100.609|85.0541   |84.5396  |91.5749
983 |98.3|827.341|4001.76 |5000.9     |100.609|85.0861   |84.5713  |91.5835
984 |98.4|827.341|4003.26 |5009.4     |100.609|85.118    |84.603   |91.5921
985 |98.5|827.341|4004.75 |5017.91    |100.609|85.1498   |84.6347  |91.6006
986 |98.6|827.341|4006.25 |5026.41    |100.609|85.1816   |84.6662  |91.6091
987 |98.7|827.341|4007.74 |5034.92    |100.609|85.2133   |84.6977  |91.6176
988 |98.8|827.341|4009.23 |5043.43    |100.609|85.2449   |84.7292  |91.6261
989 |98.9|827.341|4010.71 |5051.95    |100.609|85.2764   |84.7605  |91.6346
990 |99  |827.341|4012.19 |5060.47    |100.609|85.3079   |84.7918  |91.643
991 |99.1|827.341|4013.67 |5068.99    |100.609|85.3394   |84.8231  |91.6514
992 |99.2|827.342|4015.14 |5077.51    |100.609|85.3707   |84.8542  |91.6599
993 |99.3|827.342|4016.62 |5086.04    |100.609|85.402    |84.8853  |91.6683
994 |99.4|827.342|4018.09 |5094.57    |100.609|85.4333   |84.9164  |91.6766
995 |99.5|827.342|4019.55 |5103.11    |100.609|85.4644   |84.9474  |91.685
996 |99.6|827.342|4021.01 |5111.64    |100.609|85.4955   |84.9783  |91.6934
997 |99.7|827.342|4022.47 |5120.19    |100.609|85.5266   |85.0091  |91.7017
998 |99.8|827.342|4023.93 |5128.73    |100.609|85.5575   |85.0399  |91.71
999 |99.9|827.342|4025.38 |5137.28    |100.609|85.5884   |85.0706  |91.7183
1000|100 |827.342|4026.83 |5145.83    |100.609|85.6193   |85.1012  |91.7266
